0.000
5.000
0.350 3.630 4.780 0.537 3.776 0.260 5.657 0.558 2.110 5.152 4.267 1.810 0.825 - - 2.016 1.688 0.162 1.733 5.009 2.947 2.684 3.134 2.268 5.397 
- 0.400 3.791 0.764 5.535 3.056 4.019 2.109 5.415 4.078 0.108 - 2.469 - 1.398 3.820 5.107 5.775 0.076 - 2.321 2.525 1.430 1.053 0.385 
5.958 2.417 4.060 0.744 - - 1.160 0.453 3.421 2.050 - 4.901 3.262 1.668 4.912 4.110 0.652 0.783 5.309 5.250 0.436 2.165 5.144 1.251 2.314 
5.346 0.638 2.390 2.115 5.618 5.493 3.206 3.428 3.928 2.220 1.228 3.455 5.788 2.592 - 5.838 5.688 - 4.405 - 2.024 4.990 - 0.273 5.645 
4.087 0.413 4.011 5.724 3.486 2.422 - 3.289 5.663 3.473 2.241 2.112 1.390 4.739 0.267 0.024 5.629 1.391 1.026 3.740 2.283 - 4.498 0.202 4.084 
5.409 5.657 0.760 - 5.461 3.404 0.933 - 2.597 5.532 3.961 - 5.637 - 3.933 2.930 - 5.428 5.945 2.448 0.494 0.385 3.181 5.535 1.233 
4.138 2.019 2.643 4.126 4.048 0.295 3.994 2.860 2.504 0.885 5.526 - 0.399 1.759 0.167 1.842 5.245 5.299 0.088 4.282 4.025 2.456 - 2.756 5.060 
1.995 4.734 2.453 0.064 4.639 5.632 4.069 3.788 0.225 3.913 - 2.971 3.879 0.920 5.607 1.979 2.727 1.439 4.403 5.396 1.896 4.084 4.727 4.855 1.430 
0.064 2.280 0.769 1.444 1.806 0.315 - 0.874 3.189 5.761 4.998 3.875 4.117 1.655 2.030 0.177 2.796 4.740 5.169 3.763 3.151 - - 1.955 0.274 
4.706 5.652 2.676 1.910 0.396 3.747 5.229 2.282 3.941 0.252 1.234 4.695 5.448 4.792 0.120 2.651 3.343 1.671 3.809 4.177 5.041 4.677 3.385 2.297 0.577 
