0.000
5.000
0.119 2.779 5.401 2.668 1.640 1.598 0.833 5.715 2.861 4.875 3.436 1.262 2.038 4.512 0.490 3.013 3.176 2.262 2.000 3.985 2.427 5.402 4.829 4.092 0.758 4.459 0.571 0.470 1.324 2.907 4.481 3.654 3.326 0.146 2.999 3.766 2.788 3.262 0.101 5.879 2.880 0.336 3.850 2.593 4.001 4.159 4.035 2.771 0.844 2.324 5.851 4.143 4.153 1.636 2.932 2.225 4.786 5.791 1.996 0.674 3.025 5.103 4.607 2.820 4.868 3.919 1.361 0.621 1.239 5.135 5.949 5.825 5.735 5.882 5.192 2.487 3.575 2.142 2.199 0.400 5.003 4.596 3.308 1.241 4.300 1.528 3.375 3.507 3.032 3.076 2.389 4.473 0.933 2.471 1.173 3.494 4.166 4.285 3.187 1.046 
2.924 5.140 5.869 1.118 2.826 1.232 0.485 0.848 2.970 4.417 - 1.674 0.353 3.069 4.852 0.536 2.134 0.868 4.964 2.405 2.071 3.602 4.336 1.406 5.783 2.890 5.326 1.566 1.186 3.576 5.321 2.108 3.217 2.721 5.047 0.849 1.669 3.775 5.149 5.378 1.580 3.529 3.794 1.184 5.217 3.973 3.344 0.906 3.201 2.117 3.379 5.265 3.756 0.200 2.518 0.066 1.487 2.521 2.581 4.975 2.375 5.381 - 2.450 5.983 5.316 2.076 5.390 3.038 5.893 4.465 3.644 0.710 2.948 3.484 0.553 0.964 2.104 5.157 5.166 5.415 0.866 0.019 3.681 5.014 0.446 3.211 0.989 2.829 1.796 5.728 1.996 4.979 0.071 5.548 0.599 0.565 5.924 3.822 1.860 
6.000 5.772 3.330 2.082 1.383 4.838 5.402 3.584 5.600 4.154 - 0.843 5.198 0.820 0.778 0.204 1.415 0.478 1.839 4.532 5.575 2.560 4.085 3.654 3.512 5.184 0.211 5.267 5.547 0.600 1.372 5.043 5.121 3.225 2.746 0.505 5.244 2.359 1.770 3.049 1.352 2.732 1.795 0.224 0.102 5.924 3.798 2.032 1.946 4.650 1.086 4.648 5.132 5.675 0.689 2.479 1.978 5.934 4.305 0.979 0.922 2.092 3.305 0.040 1.958 0.445 4.351 5.165 - 1.634 0.680 - - 3.146 5.057 2.163 2.180 0.041 1.750 4.632 0.245 4.729 0.702 5.708 3.203 3.935 - 5.572 2.196 5.280 2.093 4.073 4.156 3.078 0.923 0.467 3.190 1.104 1.550 3.816 
4.571 1.008 0.984 0.531 3.503 1.500 4.240 2.391 5.503 4.920 5.579 1.567 0.525 4.627 4.852 0.056 2.015 0.681 1.127 3.343 0.620 3.996 2.170 0.039 0.676 2.891 1.440 1.178 4.001 2.743 1.687 1.889 3.444 5.668 5.601 4.587 3.036 1.339 4.827 4.226 2.376 2.152 0.944 0.475 4.150 2.008 3.695 2.963 5.357 1.922 0.940 5.912 4.952 3.652 3.382 3.625 3.151 0.343 3.144 4.394 2.670 4.998 2.740 1.371 5.592 5.334 5.906 4.922 3.418 5.220 4.064 3.862 0.201 0.531 2.012 2.799 3.366 4.778 3.613 5.570 0.049 1.360 0.937 0.481 4.371 4.716 0.390 3.649 1.163 1.992 0.889 2.379 2.112 4.154 2.126 2.992 1.282 2.690 1.336 0.952 
3.233 2.882 1.591 5.264 2.529 4.170 2.977 3.944 - 4.208 2.808 3.957 - 1.212 2.358 0.455 1.125 3.286 0.683 4.832 3.362 - 5.339 4.257 5.288 4.988 5.895 2.180 0.636 1.148 5.483 - 2.641 2.276 1.484 4.186 1.558 5.610 5.305 3.128 4.926 2.873 0.968 1.683 2.651 2.625 2.894 0.640 1.381 1.648 4.959 4.881 3.025 2.413 1.424 1.750 4.562 3.615 1.897 5.892 2.501 2.181 4.897 2.327 3.537 0.014 4.022 2.335 5.059 4.976 0.998 1.990 1.199 5.371 3.203 2.851 4.091 0.315 5.422 2.456 1.955 0.983 2.737 2.807 5.443 1.760 - 0.057 3.507 3.760 0.735 4.015 1.759 4.127 4.836 1.984 5.993 0.835 0.216 3.753 
2.524 5.912 0.335 2.713 2.690 3.253 4.187 0.687 2.183 0.548 1.308 4.563 1.709 - 0.794 4.471 2.817 3.674 3.251 2.287 5.389 0.575 0.720 4.151 3.230 4.569 4.459 2.622 2.789 4.841 4.474 4.698 0.295 5.431 1.706 4.058 3.798 5.441 2.696 3.487 2.740 3.656 3.385 4.473 0.764 0.233 3.522 3.417 3.466 2.574 3.893 5.839 1.775 1.343 3.220 5.245 3.503 5.925 2.224 0.172 4.454 0.346 4.866 3.071 2.237 0.887 5.274 0.408 2.633 5.217 5.281 2.400 2.000 1.965 5.855 1.382 5.779 3.109 3.993 3.714 4.671 1.541 4.904 3.600 4.533 4.499 5.440 3.979 3.375 4.390 4.878 5.965 3.237 1.775 5.177 4.016 3.921 0.965 4.828 1.155 
0.325 5.180 4.080 5.763 5.154 2.820 2.820 3.529 5.991 4.249 4.337 0.569 1.513 - 1.203 1.203 0.926 2.986 5.207 1.886 2.896 - 5.353 3.215 3.134 2.273 1.768 5.352 2.345 0.039 2.083 2.164 3.700 0.269 5.492 5.459 4.317 2.839 1.266 - 4.562 3.509 5.027 2.362 4.180 0.300 3.516 5.048 5.477 1.381 1.006 - 2.834 5.901 5.798 0.228 2.923 5.906 5.547 0.033 2.949 1.661 5.328 0.266 5.173 2.250 0.518 4.755 0.820 4.401 5.623 2.709 3.294 4.904 0.214 5.383 1.314 1.944 0.074 1.041 1.303 1.955 5.547 2.424 0.921 1.441 5.913 0.706 0.227 3.380 4.375 2.084 5.385 - 0.932 3.783 0.307 2.799 0.082 1.317 
4.031 4.395 1.487 5.235 0.540 4.086 2.673 1.877 0.996 2.337 0.153 1.798 2.439 1.234 4.750 4.137 0.209 3.967 5.983 3.411 1.751 5.343 5.869 1.131 4.124 4.940 5.495 3.395 5.069 1.995 4.475 - 4.513 4.509 5.152 0.143 3.323 4.969 3.076 2.900 - 1.364 4.881 0.882 2.082 0.941 4.250 2.670 0.852 3.327 4.123 2.670 - 3.257 4.731 5.959 5.471 3.224 0.395 3.808 4.085 2.849 5.321 1.740 2.353 0.726 1.861 4.360 0.762 1.835 1.870 5.056 2.480 1.474 4.907 3.939 1.571 4.862 2.066 4.104 2.446 4.284 3.207 0.456 5.896 0.753 0.276 2.937 1.213 0.740 0.271 1.005 0.984 4.500 0.179 0.706 3.141 0.985 4.978 3.563 
4.412 - 3.071 5.686 5.220 4.795 2.146 3.266 3.469 2.231 1.119 1.881 4.679 0.705 0.302 1.618 5.574 5.701 0.927 4.836 1.552 1.540 5.035 0.154 5.119 2.706 3.902 1.178 2.229 2.308 5.843 1.019 2.794 5.096 2.349 5.954 1.989 - 1.581 1.267 2.239 0.126 0.197 3.501 3.961 1.870 2.427 5.901 4.287 0.133 5.156 1.894 1.062 5.673 5.589 0.894 0.428 0.836 1.778 3.642 4.259 1.360 5.984 4.612 4.594 1.575 0.438 2.822 4.042 5.337 2.628 5.574 1.904 2.290 0.700 0.328 5.457 2.617 4.990 3.984 0.464 1.543 3.084 0.406 2.585 3.321 3.040 3.946 1.852 3.391 0.717 1.170 5.819 0.750 4.246 2.813 1.412 0.414 3.853 5.260 
1.589 4.949 3.699 1.769 0.344 5.459 0.159 1.462 1.814 1.970 0.090 2.012 4.619 0.803 4.731 1.363 3.861 5.072 0.505 0.510 4.016 3.184 2.170 1.656 5.082 2.599 2.630 1.517 5.265 4.552 5.262 1.120 - 3.185 4.780 3.900 4.516 - 3.289 0.342 4.039 4.299 5.254 3.757 2.690 3.314 4.582 2.085 1.554 0.408 0.974 4.849 2.240 1.174 1.071 4.539 0.869 3.883 0.710 5.851 5.501 1.410 5.892 2.192 5.971 5.255 3.706 0.910 0.309 5.152 4.609 4.569 2.459 - 4.009 1.494 4.072 5.449 4.095 0.572 0.624 4.071 4.299 5.039 4.965 4.839 4.641 1.672 5.813 5.489 0.531 5.369 0.435 3.980 4.332 - 5.995 5.626 2.194 3.399 
1.269 4.489 2.099 0.409 2.579 4.639 1.799 5.184 0.910 4.231 1.220 3.147 0.642 3.289 2.936 1.443 1.767 2.776 2.768 0.980 3.361 - 5.664 0.691 3.090 0.792 3.721 0.691 4.990 5.177 1.918 0.051 1.887 3.159 1.987 - 3.924 2.836 1.637 1.186 2.661 5.817 1.079 5.839 5.149 3.630 1.471 2.382 2.308 3.860 0.520 0.630 0.723 4.814 3.000 1.273 2.763 1.682 2.453 1.322 2.626 3.773 0.736 3.644 3.528 1.487 0.459 3.277 5.869 5.171 5.629 5.247 5.693 1.948 2.069 5.948 1.212 2.965 3.333 5.047 0.575 4.346 5.963 3.102 2.366 4.354 5.963 1.842 1.580 0.972 0.354 1.187 0.052 2.221 3.600 5.675 5.414 0.110 2.540 5.024 
0.974 4.257 5.396 5.126 1.506 1.652 1.260 - 3.848 4.019 0.865 1.895 3.469 4.280 4.915 5.222 3.470 5.296 0.489 3.840 1.444 1.804 4.160 5.194 4.973 1.134 0.510 5.324 2.435 5.263 3.658 3.781 2.794 5.235 4.368 5.886 0.429 0.451 2.637 0.252 2.892 5.707 3.538 2.665 0.807 2.203 2.264 4.378 3.768 4.980 3.077 1.945 0.334 0.477 5.937 4.564 3.723 2.012 2.176 3.810 5.914 0.082 4.561 1.402 1.277 2.387 3.543 5.399 2.783 3.430 0.349 5.879 5.184 5.441 0.894 3.762 0.325 3.188 4.221 4.996 5.970 3.020 3.389 4.792 3.190 5.169 3.333 - 0.422 1.985 1.282 4.251 2.887 1.361 4.819 4.155 5.960 0.098 0.622 4.351 
3.778 3.325 2.386 4.291 4.910 5.010 2.657 1.013 5.130 5.503 4.613 4.185 5.558 3.951 5.407 5.801 3.556 2.329 3.975 2.850 2.992 1.187 1.451 1.841 4.134 5.680 2.630 0.373 4.776 2.876 5.054 3.854 3.889 1.717 1.187 3.835 4.660 2.764 4.965 3.134 5.357 2.067 4.769 4.125 3.937 4.180 2.589 4.194 5.720 - 5.758 4.424 2.812 1.943 1.226 2.045 3.280 2.395 4.864 0.172 1.274 2.866 5.727 1.663 4.492 4.262 1.598 - 2.479 3.039 3.458 2.701 4.303 1.208 0.805 5.063 1.116 3.573 0.920 0.002 4.053 5.809 5.345 5.240 0.765 3.969 5.897 3.963 0.663 4.508 2.555 1.051 3.730 3.817 2.514 2.305 2.359 3.564 1.601 5.552 
2.311 1.675 5.397 0.348 2.846 2.231 3.973 5.841 0.080 5.979 0.766 1.846 4.895 1.523 3.651 4.321 0.846 5.258 3.703 4.073 2.242 1.529 4.996 3.233 5.936 4.412 1.631 2.030 3.959 5.836 3.071 2.223 3.400 2.787 0.606 0.827 3.604 2.344 2.887 5.972 0.882 3.205 5.099 3.850 3.514 2.219 2.340 3.810 2.778 2.227 1.258 1.657 3.223 1.271 0.902 3.162 3.243 4.876 2.073 0.696 3.322 0.724 0.249 3.697 2.100 0.592 4.382 0.475 5.547 3.900 0.498 4.543 4.196 0.636 3.141 3.293 3.425 2.788 3.236 0.444 0.277 4.696 5.882 4.159 1.262 5.991 4.028 2.219 0.921 5.931 3.806 0.007 4.789 5.064 0.570 4.386 4.593 1.211 1.426 4.827 
5.703 2.176 4.331 4.372 4.770 - 4.837 0.326 5.805 3.780 4.882 1.408 5.036 3.036 5.296 2.460 1.877 3.127 5.649 0.660 3.871 2.254 4.092 - 4.791 3.333 2.009 - 2.961 0.665 4.716 5.500 5.376 4.495 0.097 1.058 1.606 5.472 2.736 5.955 5.832 1.540 3.670 4.385 5.643 3.760 1.392 4.300 0.479 0.974 2.210 3.623 0.753 4.046 5.426 3.884 0.806 4.723 3.142 0.610 0.885 3.832 3.773 3.487 3.330 0.747 2.518 1.431 2.050 4.573 1.215 0.262 4.260 1.602 0.052 1.682 3.216 5.000 4.632 3.689 4.437 5.629 3.859 4.433 - 1.223 2.951 3.828 3.569 2.948 1.777 5.982 4.782 5.543 5.423 0.700 2.233 5.953 3.625 5.929 
1.457 2.282 3.640 4.535 5.433 3.809 0.504 4.687 5.202 2.936 - 0.831 0.933 3.700 1.847 5.196 4.880 1.383 2.064 4.733 0.868 1.385 5.174 1.973 5.378 3.740 1.483 2.832 1.660 1.390 3.278 3.554 1.390 1.436 3.574 1.742 4.793 4.567 2.636 3.187 4.117 2.850 3.765 0.859 2.637 1.918 3.128 1.042 4.191 2.466 4.165 4.138 0.413 3.670 - - 0.545 3.906 4.251 3.145 3.743 - 3.465 3.908 4.370 4.716 4.378 3.121 4.700 5.157 2.536 1.126 0.875 2.266 3.661 3.303 0.808 1.690 1.725 0.803 2.993 3.632 5.293 0.234 4.892 0.077 4.090 5.930 2.748 5.830 1.852 0.323 5.240 3.200 4.129 5.822 5.437 4.270 4.638 5.377 
4.790 2.617 2.364 1.131 5.058 2.481 5.098 4.975 - 2.012 2.136 5.204 1.194 1.027 1.734 4.067 1.313 5.092 5.362 4.864 3.951 1.320 1.945 0.591 1.494 4.233 3.412 1.504 0.828 4.012 2.058 3.389 0.151 2.782 3.433 2.207 1.646 2.446 1.567 4.046 1.986 3.796 2.357 2.011 4.894 5.310 5.986 3.880 5.186 5.204 4.088 5.905 3.857 3.816 4.305 3.182 2.846 5.449 1.610 3.494 4.154 5.192 2.555 1.404 0.894 1.154 3.248 - 1.788 3.798 4.460 - 5.419 1.890 3.843 2.814 4.331 2.671 5.684 0.878 5.750 4.576 1.064 3.182 5.366 1.800 3.649 1.797 5.159 3.579 2.611 4.367 3.796 2.939 - - 2.557 0.067 1.546 4.305 
0.500 2.525 3.444 1.666 4.351 4.576 0.706 0.983 4.990 1.493 3.881 3.019 2.285 3.648 0.448 3.038 3.592 2.056 3.739 3.174 0.815 4.444 5.364 1.172 2.218 3.412 0.823 1.029 5.631 5.536 1.376 2.481 1.223 1.550 3.950 3.469 3.499 0.331 4.593 3.322 3.612 5.569 3.631 4.464 0.425 1.466 0.220 4.964 0.051 2.830 0.557 1.149 4.842 3.309 1.404 0.921 3.964 3.346 5.016 2.179 2.792 4.734 0.870 3.033 1.427 1.358 5.844 3.171 3.596 5.853 3.726 0.844 0.122 5.523 5.042 1.534 2.023 1.881 1.290 2.330 3.077 2.630 5.665 4.491 4.421 4.826 5.322 5.546 4.447 3.298 4.107 3.598 3.826 5.169 5.516 4.222 4.075 1.564 3.396 4.570 
3.217 2.625 5.884 3.067 5.800 5.613 4.707 4.124 1.318 1.084 0.550 4.137 5.887 3.064 3.744 2.423 5.606 2.502 5.545 5.947 1.083 1.304 3.400 4.418 3.464 0.885 1.501 0.207 4.501 0.651 0.467 1.595 4.382 5.957 2.098 5.750 1.631 2.290 3.712 5.698 5.382 2.455 3.585 1.353 3.853 4.590 4.416 4.404 1.705 0.753 5.661 4.516 3.337 4.755 5.845 1.911 2.930 5.691 2.741 4.969 3.294 4.425 2.465 0.915 4.200 1.971 2.188 3.134 4.985 1.335 5.196 5.986 1.749 1.993 1.551 3.280 2.425 4.664 0.525 3.826 5.399 5.494 2.367 4.629 1.220 5.180 2.761 3.405 2.203 3.849 1.581 5.147 1.443 0.803 0.257 4.455 0.929 1.427 5.143 4.248 
5.701 5.897 4.341 0.553 3.833 1.829 4.186 3.473 - 3.642 4.767 3.436 2.439 4.849 5.346 1.617 2.986 4.461 5.342 3.385 4.043 0.294 4.187 3.895 5.140 0.428 - 0.252 0.040 2.965 4.090 2.011 3.907 - 1.571 4.273 4.966 1.667 2.834 5.663 2.039 1.436 4.143 0.809 1.785 3.486 5.956 5.841 0.895 0.166 4.603 3.683 4.776 4.134 2.735 3.617 5.555 0.744 3.461 2.786 2.410 0.906 5.034 3.857 2.407 1.860 2.778 3.126 0.053 4.295 4.756 0.786 0.829 1.721 5.421 0.012 5.895 5.832 1.140 1.831 4.064 3.925 5.099 0.546 2.942 - 4.657 5.681 3.931 1.950 3.666 5.097 5.460 3.196 3.730 1.977 5.469 2.573 3.701 - 
3.840 5.812 2.486 2.103 1.621 5.856 3.710 0.030 1.860 4.302 3.876 3.805 0.575 4.830 4.415 3.067 0.007 2.213 1.372 0.279 3.512 5.783 2.540 0.242 2.561 0.607 2.429 5.863 2.590 5.075 4.031 2.503 3.124 1.503 1.312 4.153 2.318 3.713 4.234 3.944 2.628 4.302 2.923 1.298 0.892 0.562 3.411 4.181 4.564 3.640 0.018 5.543 4.300 0.633 5.127 0.100 1.398 5.844 3.670 3.114 0.942 5.379 5.128 2.749 3.700 4.680 0.351 1.964 0.004 1.432 3.839 4.711 2.953 2.555 4.493 0.460 4.323 1.703 5.085 4.743 0.540 2.873 4.902 3.554 0.005 2.278 1.165 5.987 2.913 2.710 0.890 0.492 4.506 2.045 5.882 1.572 4.417 4.493 1.490 5.620 
5.474 - 4.887 4.776 0.865 0.624 1.343 3.927 2.482 2.356 3.362 1.732 2.411 2.592 1.789 - 4.816 0.891 4.025 2.815 - 5.745 1.224 1.364 3.879 2.307 4.676 5.758 2.417 3.710 4.795 3.109 4.435 0.380 1.950 0.531 1.474 5.042 4.629 0.629 2.110 1.398 5.099 5.492 4.272 1.656 5.865 0.694 2.139 - 1.782 1.658 1.794 3.922 4.662 1.547 4.266 5.236 3.681 2.564 - 3.775 1.736 5.218 0.243 1.361 1.227 0.728 3.198 4.721 4.487 0.257 1.854 5.637 0.264 1.199 2.002 1.096 2.276 3.096 4.889 5.609 2.946 0.183 1.054 0.448 2.885 1.810 5.997 4.065 0.662 2.241 3.197 4.412 3.740 1.503 4.864 5.260 0.308 3.050 
4.711 4.221 4.194 2.288 2.622 0.558 - 0.447 1.493 2.163 5.304 0.503 2.811 5.917 5.601 4.000 4.197 2.487 2.491 0.001 5.143 3.307 2.499 5.154 4.973 4.944 5.461 3.870 1.693 0.776 4.000 4.164 5.631 1.386 5.500 4.411 5.343 0.512 1.177 2.910 1.357 0.741 0.371 3.729 1.801 4.417 3.163 4.809 2.913 0.501 0.802 5.758 0.798 5.250 3.291 5.165 4.605 5.712 2.753 4.576 1.540 2.084 1.906 0.548 4.846 5.946 1.142 1.390 0.951 2.307 3.296 5.344 1.602 2.274 2.205 0.042 0.769 3.923 1.655 5.067 0.529 3.706 5.173 4.422 1.058 - 2.517 5.582 3.113 4.101 3.443 0.639 5.177 5.711 1.587 2.819 3.609 0.045 2.929 4.325 
5.136 1.089 3.675 - 2.940 0.788 3.893 1.761 1.906 4.403 5.958 5.056 2.441 0.261 2.851 1.297 1.483 3.353 3.399 1.800 5.185 3.576 1.923 5.238 5.136 0.893 4.686 - 5.432 1.127 5.322 3.653 1.087 4.648 1.255 1.422 0.317 1.199 4.908 4.203 4.261 3.575 1.273 5.571 3.656 0.708 3.025 4.795 0.859 5.047 - 3.000 3.451 5.847 5.561 1.066 0.396 5.189 1.196 3.687 3.473 3.172 1.463 0.138 3.285 0.746 1.061 1.816 2.769 5.215 0.452 1.567 5.618 2.310 5.034 2.269 2.485 2.151 4.180 3.913 2.239 4.202 3.616 5.764 4.848 0.586 3.572 0.868 4.738 5.803 4.197 4.326 0.696 2.019 0.594 4.371 2.477 0.659 0.723 4.276 
0.265 1.150 4.714 5.399 2.614 4.770 3.639 0.500 3.808 - 4.629 4.496 0.517 2.740 0.036 1.107 5.536 5.645 4.067 2.979 1.269 1.526 2.212 3.214 0.944 1.142 2.793 5.695 5.178 4.438 0.754 4.190 1.038 - 2.090 5.668 1.177 1.658 5.425 4.050 2.034 3.367 3.423 4.925 0.397 5.960 2.698 5.490 0.899 - 0.911 3.086 5.216 0.520 1.658 4.342 2.872 2.596 5.587 0.920 1.648 0.911 0.007 3.378 4.568 5.432 2.961 1.509 4.445 2.806 3.421 5.902 3.791 4.598 4.857 5.238 5.777 2.459 4.994 1.040 4.668 1.966 4.027 2.260 3.850 2.522 1.018 2.185 0.228 4.741 1.528 3.641 1.340 1.238 0.838 3.503 0.032 5.720 2.365 3.840 
