0.000
5.000
1.863 5.928 0.296 0.181 3.066 2.043 2.268 5.167 1.572 3.013 4.644 1.657 3.033 4.415 2.269 0.218 3.580 1.632 0.389 5.152 4.451 0.524 3.263 2.512 0.399 1.235 3.268 5.092 0.174 3.759 0.353 4.941 0.089 0.702 3.426 2.482 5.948 2.459 3.469 3.796 0.248 4.706 2.762 - 2.642 3.765 5.713 - - 1.955 0.219 2.659 4.118 4.588 0.490 1.029 2.259 4.670 2.579 5.757 3.166 0.819 2.723 1.731 3.679 0.175 1.810 5.410 5.423 3.390 0.980 3.174 3.906 2.960 5.532 3.352 2.720 1.305 2.785 0.870 5.382 1.088 4.640 1.283 2.781 5.264 0.942 - 3.137 0.312 3.656 3.484 5.694 0.989 2.178 2.316 3.159 4.766 0.845 0.534 
4.677 4.355 3.562 4.092 2.287 2.037 3.607 2.462 0.654 2.324 2.870 4.708 0.848 - 5.586 0.052 0.099 5.720 4.039 1.041 5.181 2.894 5.220 1.872 3.916 3.210 4.586 0.755 2.312 1.402 4.775 0.273 3.916 3.656 0.733 3.896 5.574 5.463 5.756 5.830 1.738 - 3.377 5.433 5.947 0.369 5.974 4.355 2.931 5.143 0.290 4.461 0.144 4.406 4.851 1.428 5.245 1.605 2.463 0.649 4.250 4.136 2.660 0.804 1.696 5.448 2.025 2.075 5.221 5.402 4.865 4.573 2.450 5.961 0.677 4.053 2.040 5.513 2.244 4.437 3.077 3.312 5.053 2.074 1.846 5.629 0.982 0.966 2.250 3.232 0.960 1.474 - 3.821 4.406 5.208 5.421 2.946 3.905 5.948 
0.535 4.087 2.854 4.533 5.033 3.833 3.182 3.956 1.352 5.825 5.644 2.163 1.354 3.768 1.624 0.178 3.408 4.974 5.983 2.433 2.107 3.770 3.786 0.090 5.184 1.293 5.465 2.669 0.511 5.649 2.858 2.231 2.537 1.750 3.529 2.936 4.479 5.348 3.177 0.196 3.941 0.969 1.794 2.092 1.444 2.547 0.500 4.974 1.606 0.616 4.699 3.512 5.397 0.887 3.369 2.584 3.006 5.961 5.876 0.596 0.434 0.802 4.728 0.858 0.901 5.356 5.185 3.674 4.628 0.463 0.485 2.752 1.381 5.879 0.852 3.433 5.517 3.801 3.194 3.046 3.000 1.877 4.615 1.484 0.026 0.130 0.542 4.793 1.562 0.659 3.337 0.169 1.115 1.344 1.809 5.404 0.586 3.066 1.995 1.252 
2.183 4.995 5.717 3.041 0.187 2.482 4.589 2.023 0.567 0.781 0.923 3.375 0.934 2.150 5.402 0.651 0.482 5.012 3.720 0.413 4.733 - 2.281 1.778 5.416 4.882 1.563 5.166 3.080 0.145 5.521 0.270 5.832 5.493 3.366 1.111 5.183 2.866 0.910 4.379 1.677 4.971 2.538 2.000 0.453 0.713 5.597 4.047 - 3.831 2.709 5.746 0.077 5.563 0.151 4.387 4.563 5.745 2.020 4.443 1.415 3.663 2.420 0.137 4.269 4.420 1.342 2.078 2.461 0.407 4.324 2.387 3.850 0.745 - 4.985 3.120 0.283 4.180 2.401 4.850 5.900 2.375 5.596 3.530 1.431 - 4.816 1.575 5.597 0.267 5.551 5.184 1.743 0.229 0.043 4.607 0.143 5.342 5.713 
2.495 3.576 0.140 2.670 0.478 5.037 4.113 3.644 3.989 5.043 0.587 2.784 2.962 5.403 3.519 5.830 2.931 3.909 5.567 3.374 5.573 5.314 1.883 4.426 0.715 5.304 3.549 4.224 0.372 3.257 1.536 2.743 3.662 5.914 5.333 0.415 5.136 5.326 2.084 5.535 4.250 2.682 0.159 1.788 4.266 4.709 5.697 0.132 0.922 3.476 1.612 5.129 2.662 5.378 0.015 5.492 3.137 3.088 2.869 4.331 5.007 3.113 5.999 2.158 5.874 3.436 4.346 5.273 4.391 0.481 3.515 1.620 3.228 2.342 2.306 1.652 5.693 1.868 4.974 5.056 4.312 2.735 2.467 1.525 2.661 2.204 2.806 4.974 4.127 5.665 4.181 3.779 3.125 2.484 4.101 4.711 1.588 5.989 4.231 5.298 
2.701 1.201 2.318 2.376 5.089 4.801 1.053 5.276 2.322 4.561 0.790 5.803 2.499 5.673 0.853 0.697 3.911 1.677 0.160 0.377 1.805 4.208 4.021 4.241 5.018 1.381 0.429 0.223 1.682 4.171 0.713 3.656 0.955 0.323 3.840 0.068 4.439 5.934 4.134 3.688 4.580 3.929 0.475 3.946 3.938 - 5.394 2.191 0.694 1.646 0.675 2.323 0.255 - 2.245 1.798 0.176 1.785 5.278 1.805 5.947 1.835 2.431 3.094 0.479 4.750 4.154 3.115 4.294 0.743 5.915 4.694 2.588 4.977 5.046 4.523 1.390 0.263 1.705 1.190 2.076 5.377 0.195 1.403 3.433 2.750 4.527 1.368 5.357 5.585 1.749 2.099 4.105 1.235 2.091 0.634 3.771 4.826 2.450 3.776 
5.096 1.602 1.706 1.579 5.444 - 3.513 0.391 2.193 3.656 4.721 3.668 4.826 0.607 5.608 4.486 2.348 1.518 2.799 0.960 5.255 3.419 4.086 3.586 1.530 5.093 2.669 0.110 0.274 5.184 1.175 0.951 4.188 5.560 1.383 5.125 1.132 2.882 3.559 5.388 1.473 3.357 3.763 2.026 5.832 4.584 - 5.440 5.168 2.299 4.112 4.236 1.940 2.661 2.661 2.092 5.283 4.465 2.967 3.174 0.808 2.379 3.703 2.251 2.711 5.960 5.215 0.060 0.409 1.731 4.869 2.742 5.906 1.173 1.365 2.407 3.456 5.894 1.945 2.057 1.988 - 1.297 2.209 2.981 5.170 4.150 0.595 4.224 5.166 5.270 2.305 5.065 2.772 2.685 5.654 3.294 2.225 2.518 2.920 
5.297 0.417 5.213 5.867 5.793 0.478 5.063 5.509 4.901 0.928 1.130 5.406 2.501 3.411 2.515 3.923 1.590 0.731 3.787 2.257 5.239 5.732 2.884 4.112 0.417 5.585 2.387 0.747 0.870 5.508 - 0.433 0.207 4.470 5.363 4.600 4.762 0.870 5.401 4.131 3.632 4.575 0.817 4.345 2.562 1.038 5.850 2.276 1.098 5.451 0.678 4.842 0.540 4.131 2.705 3.378 1.854 2.442 0.867 4.928 3.707 5.634 1.817 1.424 1.277 3.030 3.282 4.654 0.369 0.885 4.740 3.572 2.741 5.187 0.908 3.119 3.296 0.453 5.239 4.252 4.019 2.366 2.854 5.397 1.208 0.775 0.929 5.911 3.626 3.249 - 4.540 5.721 3.913 0.121 2.141 0.056 1.858 0.394 2.145 
2.448 0.325 3.159 1.719 0.495 0.553 3.868 5.109 5.379 1.760 0.769 2.267 2.751 4.030 2.341 4.941 2.274 2.453 2.879 2.092 5.188 0.572 5.202 2.288 5.369 1.326 - - 2.980 4.027 4.060 4.304 5.499 - 3.812 1.253 2.505 3.030 3.864 1.094 0.143 5.936 5.200 5.707 4.689 5.349 2.812 4.471 0.047 3.708 2.501 5.198 3.351 3.158 4.321 0.343 2.178 2.929 4.666 5.462 2.067 3.897 0.421 0.290 2.243 1.687 1.005 0.617 0.534 2.919 5.452 1.384 1.518 1.948 3.945 0.098 4.923 3.583 4.415 0.816 0.223 0.860 2.951 0.473 4.218 5.997 5.863 3.361 1.202 1.093 5.220 5.962 0.037 1.066 0.680 3.266 1.129 2.646 4.269 4.948 
0.057 1.037 3.291 3.556 3.233 4.053 - 5.120 4.436 5.607 0.755 5.038 3.119 3.503 4.077 5.422 3.258 3.183 2.337 3.456 2.426 3.836 2.606 5.190 0.345 1.422 1.824 2.017 3.475 4.465 3.105 2.111 3.963 1.748 2.359 5.049 2.402 5.244 4.903 3.779 0.462 2.759 2.346 3.953 3.454 2.814 0.994 2.439 0.402 1.356 2.475 2.549 2.042 1.783 3.151 1.202 5.577 0.696 - 2.843 4.725 5.609 2.941 4.480 4.878 5.592 1.393 5.691 5.804 1.554 3.194 0.872 0.420 5.485 4.689 4.347 3.720 3.570 3.988 4.260 0.867 0.592 0.994 4.407 3.909 - 2.687 4.335 4.376 2.358 4.781 3.118 4.325 4.404 3.111 3.318 1.107 0.823 4.797 0.558 
2.700 1.023 1.536 2.683 4.811 1.562 5.417 4.571 5.686 4.042 2.282 1.713 4.218 0.703 0.933 2.305 1.223 1.835 1.032 4.879 4.000 1.421 3.472 5.479 1.118 2.430 2.083 3.991 3.815 1.152 0.563 1.119 3.547 1.644 3.613 1.846 5.688 3.905 0.729 - 3.409 4.908 3.046 2.953 5.121 4.102 4.019 3.035 3.740 0.334 3.505 3.571 0.295 5.524 2.089 4.977 4.123 1.637 2.163 5.553 5.043 5.736 4.396 0.905 3.514 5.026 2.799 1.988 4.768 3.853 4.567 4.002 2.429 5.687 0.356 4.135 5.992 1.012 0.472 5.803 2.900 4.971 0.808 0.635 1.718 - 3.086 1.021 0.151 0.900 3.148 5.499 0.269 3.404 0.678 0.694 3.414 4.123 3.787 4.864 
3.420 4.806 2.919 1.186 4.006 2.194 1.578 4.694 3.900 2.719 0.386 4.015 5.604 5.374 2.777 2.011 5.542 1.629 2.407 5.641 3.747 4.978 5.998 1.650 5.373 1.771 4.544 3.259 1.680 1.298 5.615 5.523 4.986 5.599 3.439 3.466 2.767 3.339 2.452 5.951 0.780 3.465 5.872 5.585 3.689 5.111 1.667 2.687 4.221 4.451 4.076 3.532 2.339 0.852 1.524 1.718 0.381 5.770 1.423 0.555 4.428 2.350 0.912 5.879 0.487 5.684 0.119 2.621 2.293 5.055 - 2.848 3.720 4.355 1.997 5.780 2.877 1.151 1.747 5.573 3.020 4.560 3.047 0.293 3.408 1.281 2.086 3.685 3.119 1.709 5.791 3.843 0.736 4.084 0.896 3.949 2.567 2.089 3.123 5.618 
4.878 3.316 0.972 1.756 2.726 4.590 4.519 5.233 1.755 3.620 4.213 4.021 0.691 2.774 2.649 4.376 3.321 4.481 1.852 4.951 0.452 1.788 0.201 3.516 0.161 2.472 0.509 3.812 0.648 - 1.293 3.863 1.436 2.095 0.415 0.887 3.042 1.148 5.421 5.250 4.590 3.629 1.911 0.599 3.097 4.494 2.285 1.486 5.334 0.398 4.114 3.373 5.352 2.722 4.238 0.953 3.797 1.526 1.512 1.154 5.178 5.488 5.827 1.156 0.189 1.713 3.712 5.022 0.073 0.654 1.441 3.391 4.865 1.108 3.094 2.836 - 0.441 1.529 - 5.136 5.823 2.609 4.320 0.456 3.315 1.417 5.871 0.706 1.139 1.470 2.539 5.229 5.409 2.177 1.448 5.105 4.970 5.963 0.189 
1.973 4.631 2.141 4.623 5.667 3.365 0.557 0.909 2.576 1.466 2.622 5.051 0.119 0.744 0.309 2.316 4.412 5.393 5.252 0.846 2.595 5.861 2.330 3.394 0.273 2.922 2.860 1.371 0.752 3.645 1.548 1.586 2.643 1.692 4.857 3.280 1.109 1.571 5.969 1.723 1.779 4.097 2.917 0.699 2.961 0.364 3.824 5.783 5.367 4.035 0.483 1.230 3.103 4.693 4.743 3.745 3.089 0.361 5.341 4.208 4.480 5.133 3.918 3.729 1.005 4.067 0.004 1.132 3.368 2.217 1.761 3.082 2.083 5.777 2.143 5.713 3.235 0.876 3.054 1.608 2.767 3.583 4.819 2.453 2.854 1.068 5.066 3.615 4.939 0.799 1.745 4.197 3.830 5.910 3.649 4.950 2.148 4.666 4.330 2.582 
4.108 5.789 4.720 2.469 4.589 0.742 4.815 3.707 5.000 2.616 4.859 1.859 5.932 0.731 3.707 5.974 2.007 2.354 4.237 3.386 4.949 5.464 5.397 3.993 5.799 2.219 1.482 5.181 1.896 1.098 0.692 0.258 1.987 1.737 4.190 1.502 0.873 4.347 1.448 0.024 1.640 5.491 - 0.755 0.462 3.782 0.940 1.861 0.428 0.784 4.237 5.855 4.711 2.101 0.626 2.543 5.706 5.201 0.184 5.794 1.515 0.114 1.253 2.873 4.338 4.581 - 4.766 0.956 4.691 1.729 2.589 3.559 5.372 0.385 2.737 5.648 0.405 2.683 3.936 2.699 0.875 4.387 4.821 2.648 0.120 1.162 3.055 1.043 0.362 1.179 0.318 1.990 3.259 0.370 3.772 4.672 1.560 - 3.795 
4.496 5.441 0.075 4.163 1.186 5.378 5.888 3.677 4.202 1.878 2.490 2.974 5.003 1.947 0.235 0.645 3.251 5.992 3.285 5.353 1.518 5.527 3.464 2.330 2.639 0.181 4.515 4.664 4.948 1.279 1.591 4.091 2.996 5.762 1.330 5.491 5.639 0.202 5.420 5.257 1.614 4.078 0.988 4.035 0.907 2.288 2.537 5.192 2.291 3.192 0.490 5.564 3.506 4.173 4.662 0.770 2.480 1.851 3.174 3.476 1.958 4.710 4.470 3.542 1.735 5.893 0.169 - 4.488 5.392 5.505 0.413 4.949 1.797 0.046 4.291 5.810 4.055 2.292 5.127 1.372 3.526 5.550 2.360 5.501 5.793 5.281 1.370 3.904 2.368 5.781 2.424 4.211 4.516 2.727 5.791 0.652 4.943 5.676 4.697 
5.125 0.747 2.254 4.051 2.183 3.797 2.174 5.385 1.325 4.078 3.943 4.558 3.967 4.621 - 1.485 4.936 4.717 0.860 5.983 1.039 2.264 5.997 5.949 5.138 4.434 - 0.969 2.160 2.045 0.498 3.590 3.525 5.531 4.499 2.325 1.397 1.189 1.094 1.883 2.082 1.777 4.602 4.813 0.686 5.221 3.604 3.038 - 1.402 4.895 5.359 0.783 3.632 0.630 0.140 5.975 4.442 0.702 2.871 0.467 4.862 0.667 0.317 - 2.252 3.795 2.340 3.344 4.162 5.956 1.323 0.254 2.480 0.189 1.410 3.155 5.387 5.839 5.504 3.793 0.321 1.113 5.086 3.916 3.278 1.854 0.555 5.375 4.336 - 1.773 0.789 2.280 4.311 0.003 0.935 4.658 5.111 3.311 
2.378 1.203 5.889 4.560 0.892 5.280 0.204 4.463 1.651 4.697 3.839 3.803 0.745 2.941 1.217 3.850 3.643 3.918 4.977 3.383 2.889 3.587 4.972 2.305 5.490 2.715 5.988 2.337 4.911 1.667 0.046 5.559 3.769 3.420 0.528 3.747 0.289 1.680 1.564 0.207 4.638 1.179 3.394 0.883 2.116 0.777 0.491 1.105 1.081 5.053 0.350 2.319 0.249 0.527 - 1.596 4.765 2.552 2.975 5.580 - 4.272 3.868 3.845 5.478 1.799 5.397 4.382 4.891 - 3.953 2.119 2.666 4.987 1.295 2.011 2.422 2.230 2.176 3.280 3.045 2.319 5.007 4.898 1.399 5.624 3.304 2.331 5.779 5.112 4.147 1.950 1.260 5.119 5.251 0.296 4.231 0.232 0.570 2.683 
4.758 3.559 4.064 4.721 5.165 0.604 5.607 2.778 4.567 1.641 0.634 2.707 2.796 1.352 0.388 5.752 4.100 4.235 2.752 2.185 5.511 3.843 3.944 2.585 4.954 5.899 2.427 3.507 2.521 4.627 2.091 4.908 5.830 4.330 3.468 0.327 1.794 0.286 2.352 2.898 4.491 2.614 4.819 2.716 2.116 1.682 4.109 0.085 3.235 2.076 0.311 0.480 1.721 5.952 4.179 2.930 4.867 5.906 1.714 5.713 4.224 4.185 0.436 5.997 5.661 1.242 3.454 3.151 2.115 2.208 5.587 3.006 5.309 2.893 0.860 4.384 3.539 3.409 0.728 1.585 1.352 3.371 1.303 1.469 1.616 0.033 5.789 3.012 3.074 5.429 5.107 1.010 3.040 2.873 1.499 5.771 5.360 2.763 0.584 3.255 
2.785 2.963 3.204 2.508 4.081 1.076 2.264 0.526 4.974 4.501 1.084 3.493 5.198 - 0.704 0.449 2.449 2.839 4.395 5.654 1.348 0.271 4.326 2.457 2.611 1.283 2.146 5.331 1.397 1.969 4.680 1.752 - 0.983 4.499 5.411 1.120 3.616 2.118 2.099 2.798 4.926 2.033 5.291 0.238 0.929 2.642 2.148 1.543 1.741 0.447 2.256 5.387 0.420 1.656 2.976 1.274 5.967 3.495 4.744 4.698 2.710 5.170 5.090 3.242 4.877 4.473 5.514 3.177 4.774 2.517 0.622 1.102 5.490 0.050 2.190 5.548 2.493 4.125 3.974 5.339 4.882 5.758 4.186 2.752 0.378 1.424 3.642 0.261 2.408 5.940 2.494 1.785 0.827 1.410 1.471 2.968 5.969 0.454 0.333 
1.076 - 3.918 5.960 - 2.813 1.227 3.363 0.674 0.741 1.743 3.062 0.006 2.273 0.139 3.339 5.069 1.578 2.136 2.147 5.675 3.355 1.699 1.756 1.038 3.446 0.555 0.188 0.744 1.973 3.187 1.437 3.843 4.498 3.919 4.345 3.907 0.118 1.194 4.416 2.135 4.237 3.529 5.656 2.617 4.038 5.928 4.753 1.975 0.408 2.853 3.625 - 5.196 5.996 4.467 0.211 3.313 4.276 4.002 3.826 3.175 1.533 2.628 0.981 4.479 4.437 3.586 0.605 5.210 3.033 5.177 4.542 0.098 1.283 1.320 1.859 4.534 2.763 2.520 - 3.190 5.432 - 2.991 1.202 5.120 1.440 4.599 3.901 1.986 0.483 3.199 4.594 5.800 1.415 4.008 0.865 2.399 3.409 
3.517 5.734 2.595 3.286 0.512 2.347 5.267 5.198 2.413 0.885 5.496 3.886 2.134 1.441 5.397 0.689 1.133 5.639 0.871 2.359 0.148 1.040 1.176 2.780 2.960 5.930 4.628 2.122 0.353 0.955 5.818 2.625 3.329 3.406 4.310 4.994 3.457 5.662 3.355 5.611 4.004 - 3.608 0.394 4.203 0.837 5.291 0.258 2.625 1.576 2.576 1.654 0.245 2.702 0.256 3.607 1.252 4.198 1.039 4.112 4.146 5.763 1.915 1.563 1.032 4.082 0.199 5.175 5.353 3.962 5.883 0.095 5.577 4.281 2.905 0.017 4.524 - 3.870 2.737 3.205 - 2.616 0.110 4.073 3.662 0.812 1.311 1.636 2.244 0.508 3.255 2.304 4.327 0.222 2.312 4.269 4.673 1.758 1.298 
4.664 3.750 3.463 5.207 1.768 2.179 2.520 3.759 5.327 3.211 0.205 2.694 4.243 2.853 3.983 - 2.444 0.621 4.752 5.056 2.115 3.941 4.208 3.581 5.646 0.671 4.880 5.424 5.246 4.511 5.680 4.314 1.460 2.682 0.821 2.091 3.011 4.458 4.835 3.907 4.527 4.624 5.311 2.097 1.801 1.985 5.762 2.605 0.231 1.453 3.748 5.764 1.052 1.124 0.067 4.567 3.847 5.073 5.441 4.346 4.664 0.336 5.630 1.987 0.819 0.722 0.449 0.480 4.171 0.759 0.518 1.669 2.293 2.089 3.994 2.622 3.540 2.157 3.777 0.989 1.523 2.977 5.951 0.135 0.961 4.107 4.365 1.661 2.260 2.796 4.396 5.224 0.495 1.508 4.942 1.258 3.749 2.711 3.714 3.389 
4.788 5.890 2.444 2.737 3.251 3.574 2.813 1.959 5.567 0.993 0.062 1.590 4.009 2.694 5.746 2.812 5.198 4.648 3.101 2.600 2.370 4.730 2.269 1.751 0.560 5.358 0.415 0.488 1.350 2.047 1.235 2.366 3.282 1.718 2.998 3.312 5.358 2.147 3.841 3.082 2.362 2.902 3.559 1.393 1.980 4.502 2.554 0.336 0.845 0.405 3.034 0.506 1.750 1.679 4.850 0.502 3.321 0.958 0.633 4.177 4.419 - 0.105 1.110 0.461 2.061 1.548 5.345 1.709 3.816 - 5.427 4.364 3.044 1.936 1.235 2.050 3.417 4.460 - 3.925 2.105 2.299 4.720 4.274 5.174 0.001 1.774 4.986 3.247 5.871 2.989 - 5.180 0.193 4.721 3.513 4.534 2.134 1.818 
0.613 3.079 1.261 4.748 5.857 4.653 5.496 5.046 3.921 3.329 2.048 4.127 2.241 1.443 2.512 0.769 0.509 0.744 5.512 3.068 5.309 0.659 4.435 1.757 3.913 5.615 1.341 5.875 2.556 1.216 3.565 3.831 5.999 4.084 4.952 4.664 0.066 4.125 5.539 3.964 3.218 4.879 3.817 - 4.970 5.413 0.450 1.367 2.196 0.015 3.510 2.132 5.022 5.619 2.916 1.549 - 1.546 5.816 3.655 4.467 3.717 3.166 5.070 2.613 0.005 4.677 5.665 2.878 4.850 2.683 0.236 0.266 3.644 - 5.833 3.151 0.729 3.469 4.484 4.507 1.093 3.214 2.032 4.327 3.079 1.485 2.685 1.496 3.545 - 3.794 2.426 1.977 0.319 4.120 0.212 0.103 4.729 1.613 
