0.000
5.000
0.538 3.112 1.709 1.733 - 1.190 3.049 2.721 1.625 5.979 1.513 3.216 0.654 1.489 - - 3.707 4.127 4.473 0.648 5.675 3.078 2.095 1.477 - 
0.131 3.234 2.745 4.044 4.935 4.389 - 1.662 2.486 1.692 2.271 1.996 4.667 5.702 1.433 3.991 4.810 0.998 2.559 2.120 0.267 1.254 1.846 2.762 1.006 
1.850 0.172 - 5.330 0.925 - 0.254 5.230 5.088 1.880 1.046 1.951 4.895 1.059 1.344 5.714 2.991 1.951 4.897 4.606 1.192 1.959 3.046 5.427 0.846 
2.617 5.203 3.046 0.448 3.300 1.679 4.573 4.200 4.985 0.508 - 0.417 3.728 1.983 4.300 2.600 2.946 2.071 2.833 4.491 1.012 0.060 - - 4.911 
5.264 0.845 4.684 0.604 2.686 - 4.219 3.391 4.050 3.252 3.631 4.278 5.935 4.241 4.877 0.428 1.612 4.394 5.046 4.093 2.554 0.692 1.094 2.984 4.613 
3.713 0.116 4.273 1.222 - 2.195 2.974 3.867 1.609 4.518 - 0.151 - 3.992 1.905 3.206 1.122 0.226 4.752 3.825 4.643 3.357 2.038 5.010 1.791 
5.507 - 2.387 1.978 4.378 5.737 1.437 0.069 3.802 4.529 5.474 2.307 1.416 - 5.737 5.500 4.875 5.915 4.261 0.951 5.250 5.809 2.550 1.729 0.802 
3.334 5.726 0.607 2.792 4.056 - 4.093 3.871 0.284 1.165 3.521 3.813 4.425 0.645 5.617 2.514 0.458 4.738 1.347 5.203 2.622 2.501 2.619 3.031 4.151 
5.357 0.794 4.662 - 5.650 0.343 5.623 0.273 3.142 - 0.962 2.528 4.819 0.491 5.117 0.080 4.934 5.364 4.248 - 0.034 3.297 3.690 2.284 2.491 
3.931 3.959 1.924 3.424 5.220 4.931 4.089 3.509 0.663 1.220 3.380 5.548 1.868 0.964 4.172 2.487 1.368 0.739 3.927 5.879 3.407 1.809 5.733 5.013 3.863 
