0.000
5.000
2.256 3.163 2.143 4.088 1.486 5.649 4.194 5.752 0.919 2.017 1.488 1.574 2.516 0.926 2.214 2.049 1.196 5.471 2.451 1.720 1.337 1.774 0.974 1.018 2.737 
1.306 0.460 5.126 2.107 1.994 3.248 5.136 1.374 3.715 0.902 1.573 4.009 5.605 0.867 3.993 1.305 3.202 0.976 3.902 3.462 4.571 - 3.443 3.648 1.547 
4.409 - 0.538 2.032 - 4.367 - - 0.247 0.574 3.361 0.353 3.801 4.655 - 1.857 1.338 3.609 2.187 2.324 3.023 4.564 2.893 3.033 2.615 
- 2.875 4.531 3.371 5.488 5.344 1.647 0.916 0.809 2.849 0.608 1.631 2.310 4.223 2.189 1.289 4.809 - 1.921 - 3.545 2.857 5.669 - 1.661 
3.097 5.574 - 0.889 3.643 0.863 0.368 4.149 2.573 1.930 0.768 2.367 3.865 1.876 0.094 2.470 4.378 5.962 1.539 2.327 - - 5.351 0.819 2.474 
0.480 4.552 - 4.215 0.034 5.382 - 1.873 5.401 3.282 0.045 1.518 0.258 2.935 5.002 1.419 - - - 2.286 3.759 1.052 1.287 0.845 3.606 
3.216 2.731 0.186 - 5.638 0.637 0.471 1.699 1.956 2.371 - 1.231 2.085 0.144 1.935 4.692 5.621 2.341 3.810 3.564 3.639 - 1.010 3.049 2.450 
4.456 0.644 2.201 5.730 3.286 1.177 1.433 5.016 1.544 5.380 3.557 4.495 5.622 0.016 3.677 0.897 0.830 3.972 0.603 5.578 3.484 5.943 1.914 - 0.867 
0.549 0.260 1.405 3.139 3.399 5.241 5.003 1.946 4.550 2.069 1.820 4.860 2.466 5.384 4.697 2.813 3.563 0.418 1.512 3.927 - 2.702 3.207 4.121 2.125 
1.950 1.368 1.252 5.191 1.452 5.018 - 1.184 2.655 1.150 5.664 4.063 - 1.959 0.630 4.965 4.000 1.987 0.524 2.612 0.007 1.802 1.902 1.275 1.405 
