0.000
5.000
0.147 5.504 0.825 0.007 2.721 2.456 1.491 2.773 5.693 5.838 5.323 3.166 2.692 1.147 5.479 3.604 1.820 5.571 1.815 5.323 2.091 5.299 3.391 0.770 3.507 
0.306 0.939 4.686 5.632 5.848 5.189 2.507 4.137 2.091 3.110 1.510 0.013 3.934 1.182 - 2.601 0.115 3.404 4.158 2.720 - 0.627 4.830 0.452 1.420 
5.018 - 1.018 - 3.649 2.794 5.297 1.969 5.379 2.406 5.481 0.007 3.051 - 1.112 3.316 0.361 2.406 4.691 0.113 4.973 2.906 5.592 - 4.957 
3.216 4.330 5.107 5.352 1.170 5.077 4.646 5.556 4.287 4.660 3.402 0.216 3.118 5.358 1.273 3.644 2.863 1.937 4.457 3.163 1.110 0.503 0.829 3.235 2.975 
1.631 0.620 3.847 0.059 2.233 5.936 4.976 0.506 - 1.938 2.805 0.664 - 4.975 1.351 0.035 2.542 3.431 5.998 3.167 4.732 3.462 2.823 5.849 0.993 
2.400 2.435 3.104 5.807 - 4.495 3.447 2.171 5.409 1.105 2.105 3.461 4.853 2.456 2.208 1.356 0.874 - 4.964 5.865 - 1.378 0.968 - 5.890 
4.152 1.281 2.648 4.218 1.896 4.922 1.329 3.882 3.677 4.735 1.010 3.786 4.085 2.879 0.451 4.548 1.971 0.186 4.517 4.654 5.437 4.902 - 0.535 2.383 
0.999 4.311 1.400 3.003 2.875 0.551 5.570 2.739 4.666 0.191 0.595 4.959 4.036 5.830 0.637 0.672 1.278 4.757 1.689 - 2.337 - 5.395 4.559 - 
2.847 0.841 0.606 5.707 - 3.183 2.378 5.581 3.672 1.239 1.499 4.415 3.054 5.707 - 2.620 - - 5.292 1.094 5.997 3.220 4.230 0.682 0.178 
2.412 3.453 - 1.291 2.260 3.333 4.870 4.035 0.571 4.006 4.158 4.377 4.355 - 5.025 3.069 2.085 2.979 3.144 2.363 0.034 - 5.866 2.865 0.934 
