0.000
5.000
5.521 - 0.194 5.711 4.389 3.886 0.290 0.326 3.278 1.662 3.350 4.169 - 4.529 5.687 - 1.664 4.216 1.194 0.083 3.158 4.372 0.144 5.095 0.160 
5.396 5.630 0.844 1.958 3.762 - 5.853 3.718 1.267 1.193 1.541 5.801 1.957 - 0.156 1.346 2.480 0.376 1.454 0.959 - 5.465 2.509 0.505 4.242 
6.000 0.891 2.729 2.316 4.195 3.911 3.983 0.255 3.733 2.910 - 0.786 3.143 1.282 - 4.789 0.455 4.676 - 0.225 3.883 2.481 0.699 5.998 4.368 
5.678 1.736 1.468 5.872 1.963 1.121 3.839 0.742 5.988 1.929 3.122 5.667 5.549 - 3.586 3.597 2.825 4.969 2.826 1.067 1.256 1.440 3.008 5.703 - 
5.025 0.722 4.920 5.138 2.098 0.279 1.110 0.368 1.392 4.216 5.416 0.489 0.815 5.477 1.776 3.636 0.231 0.782 3.835 2.747 3.427 1.153 3.600 0.823 4.312 
4.293 0.940 2.795 4.895 3.109 2.791 - 1.713 0.337 0.979 2.231 2.500 - 2.412 5.622 0.069 1.520 4.963 2.777 4.431 - 1.087 1.275 - 3.747 
1.643 1.999 2.024 0.345 2.790 0.430 5.472 5.142 - 3.462 1.782 3.312 2.336 4.674 3.380 1.821 1.992 - 4.401 0.587 - 2.925 - - 0.474 
5.594 0.560 5.531 4.809 3.911 2.009 4.273 1.542 - - 4.954 1.266 5.224 0.419 4.038 - 4.547 - - 1.820 5.155 2.392 1.070 2.880 1.591 
- 5.274 1.284 5.045 5.234 3.579 - 0.335 0.606 0.844 0.905 1.437 5.364 2.900 1.392 2.977 3.276 - 1.639 4.416 3.846 3.565 4.663 0.974 1.684 
1.082 1.544 2.501 2.441 - 2.674 4.659 3.189 5.207 0.083 1.506 - - 3.520 5.193 5.224 5.229 3.669 2.986 0.151 0.182 2.890 4.024 4.224 5.815 
