0.000
5.000
5.484 3.689 3.126 0.092 5.277 1.339 1.946 2.097 5.513 0.419 3.671 5.061 2.326 0.846 3.595 5.833 0.002 0.744 2.680 0.642 1.905 1.329 1.502 4.160 0.378 5.315 5.192 5.933 2.481 4.577 0.632 1.212 3.139 5.207 4.494 5.957 2.741 4.624 5.765 5.632 2.339 2.162 1.120 4.531 2.457 3.466 1.918 4.648 2.967 2.165 5.690 2.520 1.734 - 4.787 1.179 0.584 2.640 0.315 0.135 0.730 0.185 0.666 3.356 2.033 1.022 2.775 3.417 3.443 2.008 4.811 1.378 - 5.988 1.184 4.555 0.640 0.178 0.710 4.085 2.221 4.125 2.348 3.190 4.523 3.165 4.209 5.149 5.803 4.295 0.533 5.347 5.209 2.570 5.968 2.287 4.262 1.481 4.846 4.149 
2.392 0.854 3.384 0.947 1.966 4.854 1.413 3.156 0.981 0.889 0.548 0.302 3.134 5.652 3.421 2.326 3.849 3.411 2.276 1.684 3.901 3.002 0.268 0.795 4.346 2.647 4.125 3.133 1.752 2.510 2.323 4.732 5.159 3.561 0.242 0.099 5.752 4.600 1.120 1.478 1.009 3.345 5.318 2.950 1.064 0.131 2.132 1.178 2.144 0.189 4.441 0.592 2.284 0.525 0.633 0.421 0.056 2.161 2.600 2.385 1.744 3.985 1.182 0.863 0.288 4.532 5.145 4.076 4.432 4.891 2.736 1.275 2.748 1.392 1.946 0.958 0.683 4.960 4.934 2.995 3.435 2.876 5.547 4.970 5.271 4.259 2.555 4.224 2.946 0.855 3.069 5.944 5.073 5.645 2.693 2.152 2.702 1.410 1.158 4.713 
- 4.664 5.350 1.253 3.937 2.727 1.286 0.937 5.001 4.160 0.407 4.594 0.219 1.787 2.809 3.552 - 0.690 4.268 5.862 2.289 0.125 3.516 5.124 4.449 0.822 5.228 5.336 1.435 3.111 4.385 1.015 1.151 5.244 5.047 5.118 2.173 1.403 3.706 5.771 2.337 5.182 4.154 4.414 0.528 0.826 5.280 4.869 5.580 3.186 1.387 4.790 - 2.202 2.444 4.218 3.822 2.814 3.242 0.327 - 2.389 5.655 3.054 3.614 - 3.086 1.051 2.252 5.327 2.825 5.388 1.140 0.266 0.292 1.551 4.727 3.340 1.127 0.640 2.139 2.900 4.769 0.174 2.213 4.487 0.479 1.626 5.277 3.791 3.834 1.709 1.200 3.218 2.424 1.526 2.087 5.775 1.896 3.937 
4.905 5.964 4.910 4.052 2.566 0.095 4.834 4.132 3.041 5.734 0.206 5.334 2.051 1.070 1.521 4.858 0.584 3.605 1.637 0.451 2.571 3.833 - 1.878 5.447 0.408 1.924 5.857 2.389 1.093 3.976 5.740 0.312 3.863 2.388 0.267 2.680 5.904 0.097 2.842 2.852 4.782 5.299 0.174 0.042 1.729 1.079 2.695 5.978 5.922 0.725 0.857 4.106 0.695 3.703 3.388 4.589 1.913 1.728 5.677 5.415 1.169 1.586 2.768 4.779 2.150 3.249 1.915 0.314 3.310 4.368 4.378 2.958 4.045 5.504 0.928 1.055 2.749 0.404 - 1.860 5.541 4.235 3.908 2.813 4.035 0.039 3.462 5.879 3.285 1.653 2.002 0.842 1.012 4.047 3.332 5.721 2.361 3.405 1.082 
0.702 5.806 4.979 4.405 2.920 4.187 3.242 5.496 3.397 5.398 1.015 3.858 2.065 1.395 2.353 3.249 2.545 1.923 2.809 1.324 5.166 4.273 5.443 1.457 2.403 2.420 0.113 5.146 3.049 4.232 0.026 0.692 3.112 0.614 0.591 2.085 1.287 5.301 3.798 1.014 0.914 4.539 4.760 0.499 0.564 2.125 1.614 3.009 5.844 3.202 5.791 2.894 5.586 3.774 2.573 4.689 0.440 2.229 4.044 5.195 4.831 0.095 3.858 2.340 4.467 1.962 3.752 1.561 2.893 2.796 3.489 4.891 - 2.967 - 5.085 2.708 0.988 1.623 0.904 4.303 - 5.627 0.220 4.426 2.396 3.558 4.767 5.742 0.279 2.258 2.258 5.213 2.934 3.091 4.168 2.912 5.870 5.024 4.702 
4.337 0.565 5.700 4.865 2.647 1.332 3.908 0.927 5.074 0.294 2.369 5.544 3.755 2.195 5.860 5.722 2.297 2.693 2.268 0.079 4.286 4.361 1.292 5.272 3.103 1.386 3.969 3.664 3.880 2.337 5.501 2.030 5.057 5.373 5.781 3.215 3.673 5.010 3.103 1.464 3.498 5.974 4.795 5.667 4.212 1.757 5.999 4.962 3.131 3.294 - 5.991 4.485 2.632 4.880 4.700 0.932 1.667 5.972 3.814 5.829 - 4.424 2.074 4.885 5.046 0.794 0.939 1.999 5.028 3.826 0.783 4.574 2.787 3.980 3.629 4.166 1.217 1.807 5.137 3.158 3.808 0.933 0.969 1.126 2.042 4.765 1.690 5.750 4.565 2.562 0.160 2.477 0.558 0.199 5.775 4.716 5.813 1.870 3.072 
4.030 3.936 - 2.357 1.887 0.381 2.780 2.189 3.503 5.532 5.582 0.149 1.183 4.444 1.822 1.477 3.414 4.093 2.708 1.225 3.277 2.500 1.736 3.891 1.170 4.921 0.938 0.663 3.182 3.259 2.261 4.035 1.713 - 5.743 2.295 4.991 2.175 0.744 2.376 0.788 1.491 2.786 2.671 1.051 3.128 4.534 1.792 4.217 2.905 1.090 2.724 0.736 3.274 3.166 2.584 2.768 3.946 0.676 4.045 5.175 0.332 4.075 1.609 3.697 3.578 1.141 2.159 5.764 5.084 3.021 2.680 5.556 5.713 1.127 2.707 1.793 1.361 1.969 4.868 2.356 2.267 0.149 3.919 4.029 1.287 2.606 2.883 2.658 4.412 3.735 4.297 4.597 3.057 1.221 5.150 2.690 2.071 4.351 5.883 
4.751 4.074 3.160 2.052 3.034 5.481 3.353 4.545 1.876 0.239 5.614 4.352 2.086 1.002 4.047 4.523 3.924 1.124 2.711 0.234 4.804 1.435 3.581 4.673 2.912 5.238 3.727 0.794 4.036 2.532 1.951 1.859 3.335 3.675 5.432 0.465 5.444 4.592 5.384 0.199 1.127 0.169 1.467 2.283 0.730 5.778 1.500 - 1.874 2.766 4.112 0.158 5.248 2.420 5.198 3.933 5.921 4.211 0.472 4.609 4.392 2.129 2.028 3.008 3.524 5.628 0.613 1.927 2.681 3.063 1.334 4.787 0.706 1.583 0.653 2.222 4.911 2.185 4.938 4.325 1.943 2.110 3.354 3.325 0.300 0.833 4.636 0.183 3.353 0.795 0.217 4.991 3.999 1.456 3.280 5.186 3.519 3.496 0.625 5.372 
1.727 5.981 4.601 5.789 - 3.232 0.056 2.688 3.414 3.630 1.884 0.725 2.751 0.838 3.815 5.804 5.846 4.934 3.418 3.983 0.328 4.016 4.744 1.860 3.764 3.698 2.881 1.007 0.074 5.314 - 3.946 0.264 4.663 4.335 4.211 1.723 3.742 4.280 - 5.652 0.296 1.004 - 1.788 2.047 2.525 1.116 5.289 4.163 3.735 1.565 4.602 1.986 0.426 1.527 5.224 0.089 0.288 1.418 2.598 1.554 5.969 6.000 1.860 3.822 4.099 4.127 0.821 5.630 2.206 3.070 5.458 3.404 4.668 0.453 0.222 3.007 1.231 1.508 2.721 1.970 5.220 4.615 5.745 2.254 1.320 4.158 3.258 4.171 4.792 4.378 0.724 4.391 5.114 5.303 4.183 4.951 5.377 1.908 
4.874 0.302 4.957 2.684 4.438 3.500 2.478 1.479 5.717 3.462 3.486 5.340 5.564 0.246 5.147 2.977 1.540 - 4.296 5.208 5.330 4.174 5.379 4.691 5.945 5.081 5.759 2.388 1.314 5.589 1.065 1.395 1.736 0.905 0.244 0.772 1.183 5.854 3.585 4.274 0.680 5.605 3.298 5.329 5.881 0.143 3.261 0.170 - 3.194 2.203 3.894 3.294 0.440 5.024 - 0.495 1.184 5.963 2.481 1.874 0.186 5.129 4.270 1.897 0.048 2.327 4.657 3.169 5.465 3.251 4.473 4.189 0.729 0.929 0.982 5.726 1.128 1.815 5.964 3.085 3.365 1.123 0.055 2.325 3.764 5.863 5.756 2.986 5.846 0.614 2.182 0.009 0.901 2.336 1.521 1.420 0.385 0.453 4.182 
1.281 3.733 5.502 5.374 3.013 1.073 5.350 0.986 0.076 2.186 2.931 4.250 4.805 4.500 3.401 0.508 2.892 0.045 4.863 0.863 2.609 0.661 1.566 4.056 5.290 1.656 2.720 3.456 4.230 3.060 1.593 2.060 1.844 4.710 0.379 3.360 3.378 3.667 5.814 5.027 5.529 5.914 0.724 3.668 0.153 2.948 3.577 0.408 4.674 3.713 1.658 2.728 4.017 1.311 1.753 5.840 1.686 2.196 5.188 2.961 2.199 4.880 1.658 2.052 3.261 - 2.652 3.048 4.016 3.989 0.235 4.203 1.292 4.210 2.682 4.981 3.042 4.299 4.817 3.916 3.177 3.362 1.979 3.034 0.614 5.931 4.314 1.805 3.755 1.936 4.499 1.148 - - 3.171 3.733 2.561 5.742 4.130 4.774 
3.626 3.902 3.438 0.692 3.105 3.074 5.583 5.005 - 1.217 4.585 5.816 0.903 0.651 - 1.263 2.881 0.913 5.992 3.533 4.703 5.296 3.414 1.561 4.062 3.405 3.828 1.580 4.194 2.980 5.044 3.514 5.232 4.239 4.937 2.986 0.145 5.074 1.431 4.694 0.513 5.847 5.251 1.113 1.095 3.976 5.718 0.820 1.458 5.273 3.312 3.306 0.018 4.850 4.854 1.879 4.519 5.517 5.964 5.181 5.421 1.861 5.000 0.964 2.764 3.642 2.807 1.076 4.840 2.815 1.561 0.091 4.519 0.293 1.506 3.690 4.187 3.599 2.664 0.786 5.159 - - 5.421 5.916 1.318 2.436 0.695 3.769 5.378 1.443 1.448 0.470 4.530 5.907 3.000 1.859 1.968 4.221 4.060 
1.703 4.877 3.264 4.553 2.722 3.547 5.090 4.713 5.822 5.774 4.201 1.505 4.034 2.397 4.969 4.880 5.267 4.847 3.379 0.336 3.031 5.871 5.295 5.654 4.258 5.265 1.262 5.069 4.357 1.502 5.594 3.803 2.460 0.629 0.231 4.023 1.872 3.121 4.686 1.170 5.909 5.301 4.436 3.108 3.726 0.556 1.407 3.796 0.329 2.933 - 2.081 3.705 1.647 2.317 4.805 1.999 5.798 2.087 1.735 2.781 - 2.678 3.756 2.815 5.002 0.887 5.471 0.224 2.688 4.473 2.676 5.690 1.157 - 4.218 1.202 4.130 4.741 - 5.951 0.611 0.197 1.160 5.262 4.817 2.995 5.016 3.876 1.824 5.369 2.243 1.585 1.394 0.003 1.366 3.015 3.956 2.151 1.896 
5.271 1.867 0.960 1.549 1.024 5.518 5.578 2.650 2.447 0.485 5.262 2.345 5.466 5.880 2.053 2.030 3.352 0.221 2.798 1.034 0.170 1.163 0.813 2.938 1.404 1.798 3.005 2.854 4.824 1.885 2.026 3.128 5.075 1.875 1.051 3.825 2.645 3.389 0.530 2.445 1.643 1.684 1.636 2.599 3.363 5.805 0.270 5.812 5.764 4.384 4.241 4.275 2.908 1.562 4.730 3.217 2.962 4.175 3.302 1.568 4.599 0.220 1.582 2.803 1.618 1.664 4.255 4.250 4.196 5.894 3.253 2.744 0.533 3.545 3.933 3.244 4.634 2.052 2.629 5.041 4.677 2.078 5.252 3.277 1.797 5.950 4.598 1.880 1.181 3.428 5.666 1.490 4.132 4.489 1.656 4.717 1.179 1.355 2.345 0.905 
4.751 3.268 1.725 2.572 4.292 4.534 5.138 1.945 2.008 2.220 0.757 0.314 3.349 3.060 2.277 3.087 5.458 2.640 4.473 4.291 4.230 4.440 1.293 3.391 5.476 1.942 5.775 2.387 1.631 4.561 5.916 3.220 1.642 0.353 3.212 5.825 4.101 0.389 4.347 4.174 2.334 5.285 1.481 3.364 2.920 1.656 0.719 3.151 4.140 5.223 5.695 0.440 2.001 0.011 1.704 0.961 2.879 3.359 1.552 2.833 5.344 4.570 5.159 5.825 5.499 4.685 5.061 3.958 4.069 2.344 3.214 1.595 1.619 1.741 2.966 0.349 0.544 3.497 1.703 2.032 5.004 5.749 2.527 1.434 0.635 2.897 5.324 1.972 0.723 3.324 2.795 1.187 2.608 2.922 3.442 3.727 1.292 2.490 1.037 0.729 
3.983 4.928 4.551 2.550 3.194 5.458 4.489 4.846 2.719 - 0.497 3.555 5.054 2.866 3.981 1.724 3.330 5.945 3.525 - 4.519 5.435 0.811 5.399 1.015 5.208 4.171 4.320 1.189 2.198 1.978 5.842 5.958 3.591 5.633 3.569 4.470 2.446 0.069 2.681 3.841 1.118 4.591 0.828 3.304 5.652 0.426 1.284 2.338 3.371 5.621 0.433 1.165 4.087 2.878 5.661 2.546 2.721 1.516 1.989 4.044 5.775 - 2.233 5.821 5.785 3.358 4.035 - 0.924 2.300 1.978 5.982 1.003 1.688 5.927 5.394 0.498 - 5.977 2.334 1.733 5.590 5.687 2.793 1.059 0.982 0.895 4.476 1.764 2.039 5.109 4.304 1.549 2.115 2.405 1.361 5.645 3.349 4.892 
4.046 4.063 3.839 4.827 3.525 2.838 5.192 3.309 0.014 1.480 5.516 4.859 1.257 3.270 1.487 0.831 2.240 4.676 4.851 3.739 2.002 1.195 1.440 3.422 - 4.823 5.658 1.865 5.906 1.645 0.510 5.796 3.857 4.087 5.176 0.498 0.728 2.498 5.840 3.842 0.159 3.147 - 0.197 1.993 2.214 3.942 1.819 4.643 2.157 3.350 0.378 2.843 1.710 2.319 1.556 1.697 3.918 0.027 1.127 2.136 1.900 4.986 5.547 1.801 3.532 3.856 3.936 4.905 5.910 5.338 1.358 0.904 4.323 3.740 3.494 4.748 0.518 3.341 4.223 5.097 5.284 2.889 0.193 1.241 0.804 1.503 2.240 0.415 2.833 4.823 4.487 4.962 3.579 1.576 4.063 1.100 3.148 5.645 5.768 
- 5.164 0.852 4.817 5.888 2.964 - 5.283 0.829 5.584 1.334 0.134 2.989 3.318 0.051 1.064 0.493 2.977 3.454 0.115 4.786 0.717 5.236 0.005 1.628 3.069 4.937 4.518 1.948 4.344 0.254 4.794 - 1.819 4.203 1.190 1.737 2.085 0.272 3.926 4.908 4.516 3.921 4.968 1.530 3.211 0.221 0.484 2.724 0.687 5.059 3.837 5.401 1.357 3.094 1.349 1.672 4.168 5.695 3.053 2.393 3.876 2.218 2.297 1.517 5.147 2.376 5.450 0.627 5.168 0.010 5.940 0.906 0.540 5.279 1.640 2.916 - 3.253 2.983 4.803 0.524 1.977 3.310 3.005 0.822 2.401 4.743 4.209 0.558 4.046 4.332 5.108 2.905 3.948 0.407 3.550 5.743 0.321 1.903 
3.843 2.055 1.414 3.468 4.502 - 5.355 1.628 0.810 0.755 2.264 1.817 4.904 0.277 3.586 0.784 0.150 - 5.336 1.823 1.341 3.373 3.611 2.596 0.953 1.847 0.336 0.550 1.726 4.975 5.607 5.000 0.949 4.589 0.711 1.107 1.651 5.858 1.304 4.196 4.397 2.816 3.360 5.361 2.608 0.064 1.254 0.918 0.160 1.878 3.840 3.120 4.633 0.589 0.535 3.568 2.802 5.033 1.287 3.945 0.930 2.849 3.815 3.120 5.030 5.706 0.759 3.234 3.600 5.931 4.274 4.167 3.338 0.623 4.210 3.724 5.024 3.176 4.311 0.044 2.163 2.082 0.811 5.066 3.012 5.087 5.527 3.393 5.416 5.142 4.823 1.621 3.287 3.113 4.924 5.093 - 5.003 - 0.113 
5.343 0.901 4.306 1.686 2.449 5.210 2.959 4.642 1.896 4.305 5.342 0.233 2.476 5.740 5.826 1.958 - 2.805 - 4.662 5.039 4.070 4.156 4.324 4.632 4.429 5.750 2.581 0.918 1.271 0.199 0.077 4.004 5.012 4.083 2.438 0.987 2.510 0.763 3.041 5.140 4.860 2.875 1.811 0.705 5.716 1.772 3.046 3.069 2.663 3.824 3.722 5.656 4.161 0.381 2.818 0.593 4.355 4.275 2.079 4.166 5.405 5.025 3.098 2.162 2.140 5.356 2.804 2.519 4.582 3.301 3.324 1.188 0.397 4.967 4.764 5.794 1.472 5.102 2.691 - 4.665 3.770 4.061 2.850 2.332 3.875 5.951 5.515 5.430 5.823 2.791 3.476 2.940 0.418 3.776 2.060 1.920 3.013 4.849 
0.500 4.615 5.931 0.854 5.054 4.080 5.975 5.716 4.559 4.692 5.346 5.806 5.966 1.907 3.466 1.152 0.948 2.111 1.914 4.535 3.233 3.042 2.393 2.847 0.293 5.545 3.279 3.544 3.170 0.335 0.862 3.779 5.662 2.885 3.214 5.325 5.811 4.757 3.650 2.690 2.489 4.507 0.949 4.740 5.905 1.857 2.901 5.806 5.149 5.035 0.333 0.541 4.262 5.121 0.537 1.815 4.965 4.790 1.976 4.633 0.992 0.197 2.301 1.425 1.921 5.649 3.035 3.144 3.634 1.442 4.813 0.351 3.847 5.526 2.765 4.910 0.725 5.758 4.538 2.065 4.367 5.174 1.513 2.448 2.805 2.168 5.084 4.137 0.359 0.531 0.280 1.999 2.411 5.110 0.697 3.508 3.224 1.318 3.512 4.741 
2.886 5.385 5.537 5.717 4.091 5.271 2.750 4.741 2.251 0.540 5.141 - 5.474 0.416 0.789 2.996 3.590 5.478 5.889 3.092 4.769 3.970 4.526 0.003 0.639 2.780 0.359 3.757 0.664 3.294 1.251 3.804 4.231 3.851 4.612 1.666 0.241 3.240 2.687 5.124 1.002 1.568 1.118 1.038 0.008 1.911 4.983 0.831 5.537 2.444 5.955 5.779 2.149 0.192 4.468 2.558 5.915 2.190 3.638 2.976 4.719 5.693 5.251 3.515 0.100 4.071 4.397 4.151 1.983 5.253 4.265 3.999 4.159 0.974 0.249 5.541 2.618 1.658 0.828 5.647 4.747 5.558 5.697 0.198 2.983 1.709 1.311 5.937 3.843 4.413 4.391 2.150 4.173 0.310 3.004 1.968 5.175 1.600 2.591 2.433 
2.756 2.047 3.310 0.493 1.761 0.235 5.064 4.486 5.486 3.097 1.868 2.311 4.136 1.949 1.771 2.662 3.141 1.416 4.811 5.234 4.602 2.395 4.268 0.173 4.197 3.807 4.282 1.507 1.706 5.991 4.245 0.276 3.275 1.604 1.948 1.441 2.155 3.140 2.670 2.277 3.977 3.622 0.303 0.681 0.631 4.616 3.224 - 5.507 3.541 3.902 0.671 2.244 4.212 3.196 2.362 3.180 4.764 5.980 1.696 0.490 5.433 0.064 0.015 0.397 5.261 3.422 3.403 5.015 3.498 3.469 1.344 1.169 2.426 0.535 1.197 5.051 1.433 1.781 3.337 1.787 1.472 5.598 4.425 1.832 2.525 1.992 4.145 1.710 0.384 1.639 1.719 - 0.906 5.119 0.766 1.269 3.961 0.401 4.429 
3.313 3.266 0.951 1.967 0.516 1.460 2.440 4.638 1.016 1.053 1.835 1.995 0.820 2.478 1.215 3.938 2.602 3.187 2.252 4.026 1.098 4.312 - 3.831 5.215 2.230 2.602 1.832 2.729 5.168 1.824 1.709 5.506 0.800 5.853 0.254 2.481 3.291 5.151 2.260 0.054 5.438 1.076 0.507 1.247 5.441 5.162 3.451 1.764 2.397 1.713 3.392 5.142 3.885 5.213 3.718 4.387 2.923 5.134 1.398 5.861 4.243 1.935 2.086 2.817 1.122 5.476 4.135 0.695 2.023 2.711 0.412 4.303 0.999 1.301 5.075 0.108 5.182 1.778 0.485 3.235 0.753 1.101 - 2.267 3.551 2.755 2.170 1.650 3.910 1.163 1.479 - 3.453 - 4.320 3.097 2.390 1.824 5.771 
4.083 3.634 4.881 4.259 5.916 4.045 4.426 4.333 5.032 4.460 2.465 2.811 3.162 5.070 2.713 - 5.789 2.043 2.608 1.282 - 2.710 5.694 2.034 5.060 2.039 0.575 0.995 4.911 4.608 0.463 1.151 1.193 3.065 0.551 3.952 3.662 5.054 3.487 3.712 3.616 3.774 5.834 1.357 2.875 4.689 2.787 - 3.809 0.483 0.434 3.187 3.743 4.064 0.577 1.532 0.879 5.374 2.549 1.198 5.361 1.863 3.559 3.029 4.351 - 1.869 5.282 5.801 0.040 1.606 2.496 4.237 2.685 2.170 0.548 5.078 1.661 1.016 2.977 1.983 3.643 2.176 4.045 2.346 0.707 0.074 5.594 5.369 3.669 1.117 5.525 5.157 0.631 0.123 1.689 5.966 0.092 2.981 4.127 
