0.000
5.000
3.064 1.397 1.005 0.708 5.699 3.471 4.690 0.589 5.856 2.003 2.229 3.762 0.031 5.350 0.288 4.189 0.992 0.687 0.842 5.648 1.972 3.090 - 2.965 4.589 3.189 1.798 3.566 5.475 5.375 2.449 5.809 1.884 4.301 4.241 1.652 2.714 5.474 4.534 5.855 0.562 0.334 4.913 5.906 4.467 3.209 3.434 2.355 0.035 0.958 1.237 2.122 5.580 0.002 1.839 5.708 5.808 1.738 5.054 2.999 4.388 4.093 1.051 1.579 3.542 0.155 1.501 0.122 0.448 0.441 0.218 1.527 0.933 1.419 5.043 5.977 4.468 3.405 2.020 3.086 1.024 3.889 0.132 0.695 5.779 5.723 2.056 1.714 0.061 - 5.491 1.697 0.238 4.870 0.651 0.551 2.528 3.241 4.518 1.920 
1.409 5.448 0.300 1.804 3.802 1.411 2.887 5.832 3.927 1.607 - 5.243 5.714 5.272 4.345 0.474 5.321 4.776 5.443 4.748 3.011 0.192 3.975 5.329 0.651 - 4.093 2.049 1.377 1.544 5.003 1.747 3.051 2.135 3.136 3.565 5.664 1.017 0.333 2.379 2.832 4.996 4.553 3.858 2.877 3.730 0.015 2.816 1.905 1.676 0.462 0.639 1.504 0.724 0.522 1.596 3.440 5.206 3.787 5.841 4.873 5.167 0.387 2.830 0.203 0.945 3.378 0.728 - 0.155 0.258 1.179 0.486 3.215 1.385 0.551 4.494 1.472 4.915 4.430 0.078 2.904 4.197 5.739 0.094 2.180 - 0.421 2.188 2.634 1.735 2.101 1.843 5.402 2.277 4.536 2.766 1.622 1.431 0.065 
3.848 4.668 2.404 0.255 4.657 4.747 4.942 1.391 4.650 1.004 1.477 4.687 0.835 3.272 2.761 1.449 2.355 2.984 0.461 3.295 3.611 2.531 3.716 4.240 5.078 1.832 0.563 0.833 3.639 5.932 3.811 2.916 4.286 - 5.714 5.492 1.966 3.711 0.406 1.533 2.268 4.767 1.731 2.319 0.454 4.149 2.587 2.139 2.103 3.008 0.442 3.823 3.339 0.814 0.045 4.680 2.267 5.914 0.762 2.923 - 5.865 4.223 4.667 3.477 4.987 2.220 2.939 2.786 4.992 0.966 5.035 0.903 1.312 3.918 0.795 1.355 3.033 3.421 - 2.351 4.004 1.427 5.122 4.242 0.827 5.421 5.141 0.556 5.981 1.603 - 3.172 3.356 3.104 2.273 3.173 4.867 4.814 0.001 
0.335 1.583 3.826 2.966 5.129 0.358 4.236 5.316 2.686 2.123 4.997 3.523 2.039 0.874 3.637 3.599 4.972 4.761 0.015 1.099 2.216 2.692 1.480 4.677 4.470 2.760 3.516 5.670 5.555 4.795 3.147 0.991 4.815 4.497 5.667 1.890 4.132 5.597 1.967 3.451 3.581 1.528 5.883 4.872 4.923 2.966 4.584 4.710 1.636 0.496 2.063 0.368 2.241 0.408 2.226 1.092 0.060 2.408 2.017 2.721 1.462 2.666 0.330 4.291 5.936 0.242 5.258 3.460 5.085 3.474 4.430 5.447 3.822 1.401 0.852 4.898 5.684 5.700 5.757 5.736 1.200 4.989 4.495 4.607 1.812 1.632 5.465 1.072 5.715 3.416 3.497 2.129 0.405 4.646 3.921 2.046 3.510 1.307 3.862 4.805 
- 2.990 3.729 3.447 4.225 3.134 5.067 4.494 1.918 4.740 1.430 3.538 3.185 2.192 5.083 2.009 - 3.493 0.063 1.379 0.461 2.672 - 0.220 0.620 5.670 2.197 3.892 3.680 4.203 3.406 3.401 1.824 5.332 3.454 5.188 0.678 5.125 1.132 3.226 0.213 0.874 - 4.842 1.134 5.880 5.009 0.215 1.114 1.777 1.058 2.399 4.460 3.747 2.187 2.121 5.985 5.875 3.712 1.404 0.936 5.105 1.160 0.307 5.900 1.035 5.013 3.773 0.594 4.902 - 4.682 1.327 4.712 5.105 0.794 1.837 4.517 3.355 3.225 5.954 0.277 0.842 4.577 5.285 2.677 1.911 1.682 5.806 2.581 5.710 3.252 5.833 3.629 3.939 0.466 2.380 0.649 0.022 0.713 
3.479 3.230 0.583 1.178 4.160 5.852 - 0.277 1.739 2.712 1.978 0.929 5.010 5.321 2.466 0.284 0.083 1.947 1.402 4.717 4.650 5.021 0.208 4.270 4.825 2.604 0.258 2.114 4.786 1.528 0.663 2.972 4.556 4.316 5.792 2.452 3.340 1.035 1.212 0.706 0.864 4.645 4.474 - 1.096 0.279 4.823 2.132 1.624 3.228 1.539 2.324 3.797 3.109 0.138 1.618 5.492 2.918 1.175 1.734 4.066 3.272 3.766 0.614 1.714 2.215 1.357 3.323 1.001 3.449 2.522 1.968 4.865 4.801 0.810 1.936 2.842 4.105 0.865 3.622 1.642 1.475 5.096 4.059 1.541 5.217 2.266 - 0.315 1.299 2.329 1.039 5.632 5.414 0.757 5.800 2.977 4.259 0.489 3.562 
4.178 1.241 3.846 0.075 4.672 1.639 3.861 5.809 1.091 4.635 5.474 3.328 3.259 0.038 - 3.450 1.808 0.356 2.353 2.719 1.133 2.400 5.698 3.404 1.885 1.614 5.052 1.614 1.498 1.471 1.937 1.433 2.768 2.201 3.484 2.332 2.944 3.492 4.019 5.998 3.193 0.640 1.714 0.966 2.607 2.832 5.863 5.174 4.202 3.964 2.342 1.728 4.558 4.500 4.732 5.718 3.870 5.455 2.412 1.991 1.286 2.562 0.772 3.248 1.383 4.137 4.378 2.705 5.636 4.029 5.640 1.953 1.558 3.326 5.091 4.379 2.079 3.279 2.980 5.761 0.447 5.050 5.318 4.297 5.670 5.547 2.979 0.399 0.128 0.637 5.774 0.154 4.578 1.560 4.748 1.272 0.300 1.275 5.158 0.787 
5.767 3.592 5.808 3.855 5.201 4.182 5.068 4.838 1.150 2.689 0.708 4.895 5.197 0.447 2.946 0.160 0.948 1.929 2.988 2.857 0.024 4.908 5.585 0.419 5.255 5.171 3.570 2.649 3.142 2.032 2.905 3.788 4.348 4.193 2.701 1.631 3.557 0.341 3.426 5.608 0.603 3.016 4.362 3.927 1.253 4.005 2.005 2.485 2.435 2.558 4.792 3.334 3.075 2.285 0.068 3.968 1.996 2.541 0.771 2.652 - 1.517 5.710 3.357 3.882 1.093 2.755 0.726 0.679 5.805 2.528 4.680 5.584 3.958 3.498 0.013 2.090 4.116 3.553 0.420 5.933 2.758 4.263 4.970 2.704 4.939 2.151 0.026 5.266 3.235 4.253 1.077 0.244 5.207 5.260 0.768 4.578 - 4.368 1.794 
3.997 0.383 4.961 5.915 0.258 1.106 2.255 4.809 1.355 3.531 1.177 4.381 0.026 2.896 1.027 2.631 1.002 3.731 1.189 3.887 0.664 2.899 4.720 1.416 3.398 1.010 2.139 1.442 1.494 5.394 1.716 - 5.711 4.863 3.282 5.618 4.299 1.458 2.745 2.449 1.396 5.324 4.084 5.754 3.290 5.685 0.606 0.790 3.004 5.709 3.747 1.313 0.144 5.764 1.585 5.275 3.770 4.267 0.565 4.509 5.409 3.892 4.746 1.087 5.042 5.490 3.062 2.818 1.097 0.532 4.768 3.035 4.107 5.311 0.328 1.490 2.746 0.498 5.515 1.704 0.452 3.946 - 3.687 0.783 2.857 3.013 5.351 2.040 5.611 5.752 3.350 0.468 3.649 0.024 4.406 2.633 1.862 - 1.429 
4.732 2.805 3.781 3.575 1.745 - 4.767 3.054 2.178 1.901 - 0.931 2.431 4.688 1.156 1.263 5.979 1.630 2.350 3.121 0.861 3.100 4.513 2.252 - 0.740 2.944 2.067 4.713 4.831 1.015 5.857 5.936 1.333 1.296 4.740 2.675 5.406 1.436 1.437 1.038 5.518 5.496 4.480 1.061 5.473 1.872 2.920 2.454 2.892 2.775 1.975 - 1.740 5.496 1.389 4.934 5.575 4.439 2.548 0.241 1.166 1.021 5.582 - 3.042 4.154 1.840 4.130 0.385 5.049 0.175 5.018 4.510 2.530 3.529 5.818 5.851 0.989 1.208 2.409 2.101 0.412 0.183 4.760 3.710 4.714 5.525 2.267 1.536 2.829 5.884 0.036 5.881 2.650 4.605 0.723 4.605 5.017 2.721 
5.451 0.782 3.563 1.104 4.067 0.171 3.351 3.748 2.312 4.761 1.249 4.897 4.002 4.374 0.322 2.045 3.322 5.784 - 5.001 2.085 3.965 1.315 0.622 2.378 4.597 1.542 4.281 2.290 1.004 3.076 4.492 3.911 1.703 2.918 0.871 5.664 2.704 1.331 1.268 3.398 5.589 1.381 5.519 4.432 0.213 0.724 0.801 - 3.650 2.085 1.081 3.951 0.704 4.468 0.527 2.513 3.922 1.249 2.158 5.719 2.665 5.743 - 2.251 5.257 1.808 2.364 0.099 3.731 4.424 3.695 4.164 1.040 2.965 0.220 0.947 5.946 2.167 3.311 5.236 3.076 4.455 2.171 5.826 2.802 2.422 4.990 4.933 1.764 1.822 4.707 0.972 5.944 1.423 - 0.834 - 4.513 1.087 
2.098 5.663 2.505 2.662 5.271 5.920 3.088 5.846 3.412 0.285 2.257 3.611 0.729 1.825 - 4.677 4.935 2.789 4.156 1.455 4.865 2.031 2.868 4.649 4.206 3.052 0.641 0.743 5.785 1.815 1.266 1.969 1.579 5.617 5.713 - 0.937 0.338 3.556 3.431 1.126 5.362 2.275 5.792 2.484 5.388 0.044 3.072 4.991 0.232 5.663 4.896 0.089 5.461 4.728 5.679 3.000 2.498 4.060 2.408 0.676 - 2.753 4.243 2.829 5.554 5.966 0.199 2.210 3.674 2.820 5.988 3.540 2.740 0.404 4.752 0.061 1.489 3.986 - 2.787 0.173 3.054 3.370 0.002 2.225 5.791 5.723 3.494 3.101 2.971 4.802 1.397 1.684 0.125 2.470 5.313 4.739 4.089 - 
3.181 3.576 4.342 1.790 2.117 5.995 2.686 4.903 5.451 5.188 5.496 0.236 1.755 4.996 1.817 4.699 0.449 3.293 0.891 4.854 3.746 0.313 1.462 5.820 2.475 3.061 2.101 3.178 0.141 2.566 2.393 4.024 3.164 5.463 3.452 3.713 4.385 1.002 5.289 5.201 3.426 1.182 2.064 4.189 3.467 3.204 0.175 3.503 5.414 5.897 2.522 0.317 5.259 3.162 3.087 1.921 2.719 5.791 1.228 1.805 0.976 2.313 0.753 3.784 2.449 1.665 0.990 5.842 0.179 5.694 1.599 1.184 0.384 5.517 5.899 5.837 3.251 0.796 - 5.819 5.891 0.961 2.056 0.612 5.786 0.253 3.304 1.237 4.764 0.341 3.194 0.822 4.813 2.981 5.744 2.985 1.682 - 1.762 0.828 
0.645 3.462 1.998 3.510 5.776 2.732 1.710 1.955 1.258 3.776 4.347 1.146 1.104 3.631 2.301 5.952 5.119 1.531 2.798 2.109 5.255 2.208 1.626 1.610 - 2.574 0.387 5.012 5.796 2.310 4.952 4.915 0.895 3.906 5.885 0.822 0.720 0.164 5.622 0.066 3.460 3.098 - 4.314 2.150 1.478 2.615 2.511 5.672 5.068 5.921 2.868 5.203 3.818 3.481 0.643 2.675 5.913 0.084 5.158 4.244 5.691 0.790 4.487 2.104 0.968 1.200 1.789 2.283 3.254 1.693 5.180 2.304 5.783 2.733 5.428 2.744 3.092 5.722 4.528 2.844 2.179 4.198 3.507 4.364 2.982 1.449 5.471 5.854 5.079 4.821 0.020 3.452 2.087 0.109 5.745 - 3.293 5.539 0.496 
1.630 2.919 0.713 5.694 1.676 5.524 3.495 5.529 5.018 1.567 2.409 3.066 2.067 5.795 5.103 2.860 5.290 5.059 3.636 0.554 3.385 3.359 4.340 0.771 4.936 1.804 4.383 4.773 5.390 - 3.375 0.276 4.455 3.519 3.845 3.130 0.185 - 0.770 4.446 1.104 4.476 1.689 4.940 0.802 2.682 5.186 1.004 0.385 0.957 4.732 0.088 3.093 5.017 3.005 4.572 0.276 4.095 0.905 1.297 0.668 0.715 1.469 4.345 5.688 4.782 1.857 1.552 0.114 3.173 0.472 0.530 0.131 0.822 5.081 3.739 3.246 1.478 5.606 2.323 1.107 0.010 3.912 5.048 2.625 3.170 4.589 5.752 3.196 4.317 1.288 0.201 2.094 3.516 4.685 - 4.345 5.861 2.611 3.057 
- - 0.604 3.647 4.794 2.003 2.935 1.754 1.954 3.102 2.514 1.195 0.422 0.977 2.913 2.680 4.794 2.569 1.527 3.182 3.965 2.242 4.334 1.688 5.272 - 5.779 2.003 2.045 0.648 2.542 4.849 1.768 2.210 5.811 2.276 5.591 2.137 3.409 4.550 5.421 5.776 2.845 5.356 4.231 4.599 5.005 5.159 2.577 1.785 5.745 3.108 3.651 0.677 5.200 2.791 4.356 4.921 2.039 4.494 3.138 0.946 2.312 0.484 2.356 0.716 5.849 0.027 0.055 5.396 5.422 3.575 4.969 0.751 5.121 4.658 1.501 2.649 0.477 1.597 0.309 0.121 4.004 3.127 0.880 5.840 5.789 4.487 5.246 5.839 3.752 1.360 4.641 3.591 4.059 4.425 1.525 0.365 1.018 4.946 
5.485 5.930 5.898 5.257 3.294 1.146 4.395 5.677 3.344 2.848 5.610 1.272 4.510 4.815 4.078 4.386 1.564 2.478 5.154 2.644 0.229 4.252 4.498 5.838 5.275 1.036 1.835 3.079 4.730 5.499 5.942 2.074 3.259 3.921 4.010 4.572 5.686 5.961 5.652 2.529 3.475 5.737 1.930 0.568 4.812 3.075 4.760 5.759 2.629 4.704 4.037 1.577 4.606 1.493 0.671 1.232 2.776 5.616 1.594 2.333 3.928 0.745 5.524 5.974 3.443 3.042 2.005 1.021 0.672 0.775 0.845 4.394 1.272 3.950 2.698 2.642 1.251 4.310 3.996 3.080 0.670 0.420 0.935 0.066 2.157 2.472 3.568 5.877 4.458 2.637 4.423 5.833 0.329 3.575 2.294 4.043 3.020 3.844 3.077 5.248 
4.522 5.641 5.800 5.925 2.428 - 2.831 1.760 3.750 5.662 - 5.541 3.825 5.814 5.677 5.108 0.142 5.254 0.725 3.607 4.419 0.848 4.777 5.175 1.833 3.420 5.115 5.271 3.116 3.506 4.857 3.923 4.348 1.656 0.229 0.585 3.777 4.723 4.784 5.524 0.996 3.093 5.249 2.942 3.180 4.252 0.113 5.176 5.952 - 0.831 5.450 2.705 4.854 2.796 4.665 5.955 0.719 2.902 5.742 5.407 4.591 2.646 4.911 4.058 4.827 4.289 5.208 3.661 3.089 0.577 5.259 2.341 4.337 1.970 4.132 0.071 3.127 5.198 4.725 0.049 - 5.270 3.754 3.802 2.442 5.809 - 1.050 5.655 5.788 3.713 0.031 2.087 2.339 4.246 2.067 3.283 5.379 2.893 
1.973 1.150 2.172 5.804 0.364 1.418 2.981 5.376 2.561 0.914 5.216 3.693 1.382 0.793 2.471 1.838 2.129 3.157 5.589 1.138 1.818 3.582 0.853 4.720 0.866 5.727 1.801 1.910 3.235 3.321 4.436 3.991 1.427 1.527 5.511 0.816 3.627 - 4.894 1.634 1.584 5.545 3.796 0.326 5.586 2.351 - 1.018 5.043 3.218 1.975 2.714 5.854 1.417 5.908 1.272 2.748 2.127 2.162 5.571 0.331 2.240 3.181 4.280 4.473 4.505 2.231 0.056 4.071 3.822 4.236 1.407 4.001 1.574 5.369 2.762 3.353 3.947 4.891 4.589 2.706 2.169 1.897 3.551 4.343 2.497 2.187 1.887 1.831 1.678 0.547 1.232 2.441 1.371 5.170 1.133 1.272 2.756 1.855 - 
2.176 2.831 5.878 0.680 4.334 4.981 1.015 2.582 0.149 2.882 3.885 3.576 0.034 - - 0.196 5.392 3.481 1.228 0.757 3.868 5.766 5.562 3.370 1.547 3.596 0.049 1.178 1.589 5.079 3.216 0.778 - 1.145 4.023 3.081 4.256 2.477 1.365 4.165 2.550 1.795 0.807 2.854 1.765 5.555 4.768 3.891 4.352 1.987 5.368 2.675 1.478 5.183 3.667 1.509 3.631 3.700 2.886 4.296 1.520 0.780 2.567 2.477 2.778 5.930 3.401 1.846 1.782 0.122 2.667 3.643 0.032 3.378 1.883 0.015 1.193 3.911 5.364 5.594 1.948 0.346 4.905 1.486 3.315 4.866 3.773 3.513 1.010 1.325 4.611 4.982 5.814 2.566 2.678 1.637 5.720 1.280 4.141 2.801 
0.101 2.197 4.196 5.029 3.576 3.174 3.232 1.900 1.244 1.943 4.477 2.706 3.821 5.472 0.042 2.366 4.021 2.903 1.193 2.639 1.525 4.521 2.820 5.787 0.559 2.042 4.271 2.600 0.557 3.131 5.660 0.710 1.899 1.712 0.471 2.767 0.108 5.745 3.909 4.081 5.248 5.640 2.030 1.866 4.600 1.486 3.197 5.128 1.850 3.638 4.856 3.626 5.283 5.077 5.016 0.152 0.495 1.218 1.146 4.602 2.267 5.568 3.464 3.022 1.141 1.786 0.790 1.920 5.237 4.293 5.280 1.689 4.646 0.597 5.433 1.008 0.574 0.993 2.771 0.509 2.104 3.155 0.554 4.851 0.152 4.538 4.764 1.704 2.773 4.231 2.440 3.838 0.526 2.161 4.189 2.734 5.095 3.180 0.414 4.750 
2.657 2.424 3.914 2.789 0.746 - 0.951 0.720 0.453 1.994 4.059 5.518 2.018 1.708 3.321 4.791 3.004 0.774 5.478 1.120 3.728 2.349 1.001 4.245 1.415 4.285 3.110 3.894 5.576 1.850 4.502 2.012 5.751 2.216 0.111 4.932 2.740 2.830 1.224 - 3.936 0.785 3.702 1.992 2.280 0.269 2.950 5.354 4.688 0.055 4.566 5.906 5.589 0.816 0.360 0.669 2.419 4.824 4.623 0.007 2.588 4.285 1.133 2.632 3.514 3.200 3.469 4.578 0.838 5.223 5.677 4.610 2.944 4.496 5.288 3.803 0.246 1.898 4.049 0.151 5.618 1.533 1.543 4.226 5.554 1.588 1.122 4.907 2.422 0.000 0.258 3.200 2.281 - 0.551 5.108 4.360 0.965 0.179 1.318 
5.742 4.162 1.633 2.325 4.741 2.654 0.303 3.795 0.834 5.174 3.386 5.503 3.372 5.777 2.286 2.959 5.911 3.129 2.301 3.009 1.176 5.430 3.340 4.608 4.132 1.015 2.105 2.173 2.271 3.791 0.263 2.225 2.182 0.251 3.067 4.245 2.865 3.178 1.255 4.861 5.093 4.613 5.890 4.568 0.430 0.924 3.002 4.246 5.184 2.140 4.636 2.700 1.772 1.846 0.998 4.402 4.550 3.141 4.956 0.438 5.169 4.185 1.161 5.473 2.029 3.908 3.475 3.278 - 0.382 2.290 3.039 3.067 5.268 3.594 0.262 4.901 - 4.427 5.641 4.428 0.581 0.538 0.742 1.555 2.043 3.665 2.765 3.165 5.298 1.953 4.020 1.577 1.890 1.481 3.025 2.786 3.705 1.849 1.387 
5.790 3.046 1.973 1.193 3.521 2.376 1.242 1.084 4.996 3.296 0.113 1.971 3.770 1.512 2.651 3.361 5.381 2.807 2.975 5.000 5.283 3.630 - 1.282 2.890 1.023 5.891 1.324 1.496 3.281 4.425 3.741 2.498 2.141 0.092 2.468 4.970 0.005 4.169 3.721 4.173 5.980 2.508 0.381 5.054 4.147 1.097 4.712 3.246 4.540 2.070 1.355 0.386 3.904 0.790 4.087 4.914 5.201 4.136 3.729 1.712 2.282 4.599 4.970 0.123 0.981 2.147 0.697 4.016 0.136 0.184 3.662 1.570 1.793 1.146 0.993 0.464 - 1.534 3.187 0.076 2.111 3.261 1.797 4.131 0.804 4.325 2.991 3.059 1.999 - 5.632 3.035 5.356 5.991 0.371 0.360 1.918 1.942 0.578 
4.156 1.238 - 4.601 5.937 3.621 4.285 0.829 5.206 1.900 5.881 0.300 0.298 1.453 2.974 4.267 1.180 2.141 5.592 1.880 0.581 2.324 4.638 2.767 2.289 2.724 4.182 5.652 5.482 1.618 2.087 2.313 4.995 1.588 4.220 2.869 4.445 - 2.774 5.488 4.002 2.374 1.290 1.201 1.493 2.081 4.115 4.475 0.308 3.721 5.993 2.650 0.295 3.633 4.458 0.218 0.533 3.796 3.599 1.218 3.445 1.401 2.562 0.794 4.278 - 5.950 5.121 2.461 3.334 5.960 1.550 1.755 5.035 3.746 5.867 2.484 5.914 4.073 5.068 5.427 5.027 0.830 3.990 1.170 0.118 1.439 2.499 2.907 4.858 1.574 4.757 4.776 0.328 3.922 1.338 1.853 1.907 4.008 0.640 
