0.000
5.000
0.911 5.581 2.818 2.699 1.442 2.355 2.171 4.702 5.422 0.412 0.422 4.524 3.994 1.806 5.084 4.688 5.402 4.319 4.352 3.648 1.099 2.559 0.346 1.744 3.310 5.200 0.188 - 2.539 3.613 4.744 1.339 1.815 3.420 0.118 - 4.144 5.808 2.654 3.262 4.839 3.616 4.335 1.627 4.946 2.346 4.039 1.016 2.048 4.347 3.086 1.983 4.176 3.406 0.956 3.009 3.467 2.953 0.955 1.985 0.550 1.965 5.865 2.529 0.416 4.487 4.414 4.178 5.760 5.440 2.561 4.987 0.417 1.101 5.205 2.506 1.612 1.273 2.024 0.430 3.287 3.732 5.606 - 5.722 2.069 0.994 4.812 3.061 5.474 1.142 5.567 4.227 5.416 2.571 1.018 5.956 3.494 5.781 4.135 
2.036 3.859 2.186 2.538 3.725 5.065 1.511 4.914 3.762 1.148 1.066 4.736 1.012 4.072 3.311 5.078 2.113 4.204 5.189 4.113 1.564 4.271 1.876 1.187 4.449 0.907 5.102 4.743 2.743 4.201 4.507 5.839 1.800 2.327 3.127 3.440 0.713 4.008 1.161 0.025 2.766 2.122 3.669 4.311 4.174 1.263 1.786 2.189 2.692 0.559 5.410 1.065 4.534 4.390 - 4.974 4.315 4.013 2.427 1.825 4.445 2.336 0.817 2.154 3.557 2.318 2.804 4.670 4.146 4.569 1.994 5.728 5.633 5.836 2.776 1.668 2.514 3.056 1.373 2.693 0.174 3.610 5.976 0.623 5.292 3.313 4.943 0.464 5.524 5.472 4.830 1.296 4.387 3.155 1.182 5.445 5.905 2.462 4.653 2.330 
3.060 2.746 2.626 5.446 4.512 2.622 2.344 3.186 3.642 0.528 0.011 5.278 0.397 4.393 5.879 3.878 4.595 5.976 0.230 5.384 5.764 - 1.158 3.425 2.405 5.393 4.713 3.138 2.002 1.572 2.558 4.038 4.606 4.398 3.326 1.888 2.875 2.686 4.305 1.953 5.828 5.734 5.990 5.011 4.502 3.550 1.417 - 4.967 1.662 4.911 4.849 1.923 2.200 5.160 0.916 2.288 5.451 3.127 4.910 2.804 0.504 0.459 1.132 0.748 3.940 0.520 1.188 0.342 5.852 4.197 5.970 1.372 2.672 3.998 5.973 0.926 2.484 0.817 2.047 1.955 0.595 4.012 1.024 5.596 3.183 1.173 3.897 3.924 2.818 - 2.466 1.869 5.589 4.054 - 3.642 1.409 1.590 - 
1.288 0.730 5.088 1.959 0.974 1.446 3.389 1.361 3.074 1.686 4.525 4.214 2.439 0.136 3.496 5.896 4.360 4.046 2.597 0.557 2.902 0.482 3.149 1.963 1.402 4.290 5.044 5.008 2.219 0.764 1.112 2.591 1.238 0.436 - 1.768 4.474 1.826 4.458 2.150 5.384 5.294 1.264 0.605 4.234 5.398 3.568 - 5.002 4.387 4.211 0.800 0.912 1.573 0.014 3.724 4.695 0.398 2.099 1.377 2.170 1.069 5.138 0.848 3.621 5.516 2.630 4.883 2.791 1.382 0.625 4.352 2.106 0.545 0.033 5.434 4.946 5.440 3.883 0.149 1.430 1.151 2.485 1.284 3.298 2.899 4.524 5.120 1.967 1.097 5.615 1.664 3.848 5.677 1.768 4.323 0.362 1.854 1.621 5.115 
5.643 5.922 - 1.079 0.074 4.651 1.514 5.656 2.375 1.903 0.864 3.983 3.952 5.025 3.794 0.690 1.725 0.869 2.027 2.078 2.433 1.733 5.489 2.159 2.729 2.806 0.476 0.035 0.261 1.921 1.616 1.506 0.579 2.169 5.840 2.533 0.226 5.187 - 5.370 5.848 5.541 2.350 5.789 4.623 4.765 0.623 1.907 2.601 5.088 1.287 3.601 2.902 3.917 3.712 0.445 4.904 4.482 0.740 1.459 0.766 3.940 5.374 3.805 0.692 3.483 3.529 3.765 3.443 5.733 5.714 2.070 5.516 4.845 5.669 0.734 5.402 2.344 4.166 0.129 0.144 0.738 1.237 1.028 4.220 1.435 2.100 2.781 1.524 5.363 3.017 1.659 3.871 4.087 1.211 2.713 2.075 - - 4.243 
1.704 4.550 2.139 4.584 3.696 4.483 0.541 1.420 4.252 5.815 2.541 4.248 5.086 0.706 3.890 1.316 1.632 4.877 5.063 5.274 2.800 2.251 1.371 2.478 0.654 4.387 3.890 4.246 4.232 1.284 1.692 0.738 0.911 4.329 4.037 0.054 3.314 - 3.721 1.010 3.762 1.345 1.768 5.837 5.766 5.130 1.108 2.783 0.947 4.778 0.744 0.277 4.113 - 4.217 1.898 5.004 4.280 4.945 0.980 4.427 0.386 0.171 3.100 5.178 5.380 2.913 0.196 4.199 5.836 1.319 3.352 3.999 4.848 1.393 2.609 - 5.265 3.928 3.415 3.202 1.248 5.906 4.443 3.358 0.834 4.403 4.673 1.181 5.535 3.311 0.633 4.773 5.261 5.841 3.703 5.648 0.057 2.930 0.294 
0.671 5.851 2.261 2.234 0.704 3.548 3.045 4.406 0.791 5.573 2.858 3.754 0.364 1.391 2.717 5.071 2.378 4.954 5.425 3.475 1.291 1.552 0.483 3.708 3.909 1.123 4.669 2.438 2.529 4.507 0.221 5.867 4.359 5.700 5.984 3.212 3.149 2.705 0.900 4.873 4.376 1.981 3.507 2.261 2.163 2.927 4.001 4.383 0.411 5.128 4.605 2.306 4.299 0.379 1.710 0.619 5.507 5.693 1.355 0.928 3.084 0.627 0.190 4.272 5.904 4.370 1.053 3.149 4.149 1.000 1.727 3.572 4.142 5.327 1.330 5.238 3.184 0.571 3.073 5.516 0.864 4.993 0.913 0.485 2.488 1.339 2.764 5.748 2.964 2.660 0.590 5.179 1.530 0.721 5.747 3.074 3.292 0.773 4.439 2.540 
0.985 3.098 2.114 4.571 0.281 2.864 3.840 2.962 2.723 2.146 3.084 5.725 3.893 4.510 1.460 0.501 4.999 3.807 3.185 2.284 5.639 5.591 4.122 5.182 0.276 5.430 5.618 0.047 0.574 2.707 4.045 2.363 1.745 0.965 3.685 0.697 2.011 0.686 3.254 1.333 4.176 5.748 4.997 3.527 1.138 4.514 5.798 4.003 2.900 2.717 0.262 2.972 3.400 3.915 4.114 1.072 5.047 2.362 4.654 5.118 1.495 2.621 1.271 4.555 4.649 2.207 1.256 3.875 - 1.894 4.355 1.137 2.740 5.141 1.558 2.983 3.066 5.359 3.716 0.263 5.051 5.386 1.522 3.549 1.800 5.697 2.336 4.401 3.428 2.424 3.185 4.270 4.130 5.247 5.049 0.407 2.594 2.676 3.307 3.041 
4.859 0.422 5.364 0.243 2.051 2.127 1.604 4.651 5.105 0.226 2.926 1.511 2.185 2.560 1.225 5.379 3.703 0.487 0.329 3.925 0.799 4.966 0.253 5.569 5.214 3.827 0.760 2.739 1.040 5.481 - 2.867 1.978 4.142 5.758 5.047 0.835 0.954 2.327 2.525 5.065 4.093 5.967 1.892 1.114 1.093 5.518 4.945 3.265 2.219 4.544 0.771 5.522 4.763 4.631 5.588 5.886 0.577 2.848 0.326 3.097 1.088 - 0.783 2.576 1.357 5.521 0.538 4.932 3.554 0.022 0.502 4.929 4.394 1.578 5.224 3.284 0.790 2.422 2.651 0.110 1.008 5.629 5.134 5.149 3.199 4.334 4.936 2.248 3.100 4.839 3.471 5.776 0.130 5.508 5.849 4.819 3.940 0.757 3.118 
4.797 2.566 0.624 - 5.746 3.360 5.510 1.260 0.773 - 0.270 5.624 0.094 3.178 5.543 4.978 0.823 4.844 2.233 2.362 0.748 0.512 0.757 1.512 5.335 2.770 0.205 2.523 2.542 2.265 3.375 1.434 3.564 3.027 0.431 0.274 3.095 5.595 1.624 5.771 0.136 2.204 2.161 4.959 1.728 1.862 3.864 2.424 5.258 2.094 4.803 2.883 2.275 4.541 3.521 2.135 1.862 3.441 2.856 3.244 0.758 1.297 - 1.084 0.447 2.756 3.278 5.020 0.437 1.884 1.808 4.656 5.835 5.598 5.374 5.131 2.221 1.059 4.134 2.433 3.599 5.290 4.839 1.658 3.924 1.189 3.641 1.978 3.408 3.459 1.080 1.443 1.375 0.723 5.938 2.443 4.017 0.365 0.405 0.862 
4.160 4.422 3.231 0.080 5.885 1.113 5.739 3.225 5.073 3.860 0.901 4.597 2.788 3.857 5.126 3.685 5.900 0.942 3.248 5.381 1.123 1.706 2.837 1.330 0.727 0.677 5.502 2.403 0.385 3.730 3.694 0.675 5.468 3.459 2.681 5.865 2.015 2.288 1.417 0.180 0.367 4.544 5.061 4.942 1.198 5.636 5.840 0.265 5.346 4.825 3.853 3.330 2.448 5.837 5.210 1.594 2.941 2.805 - 0.410 5.458 5.663 3.921 2.194 1.076 5.219 4.172 2.328 5.229 1.662 1.572 3.455 1.405 5.218 3.654 4.811 3.944 2.075 2.689 0.570 0.478 4.558 3.137 4.997 3.603 3.777 4.003 0.474 2.465 1.723 4.123 5.111 3.896 3.929 3.639 3.823 5.675 1.394 1.018 2.270 
0.085 3.085 4.631 - 3.528 2.242 4.990 3.442 4.301 2.283 2.919 1.311 4.211 0.443 2.243 1.393 5.857 5.453 3.573 3.344 3.779 0.991 0.362 5.098 3.442 0.370 5.228 1.805 4.282 2.117 2.568 1.213 1.621 1.594 3.784 5.191 1.790 3.740 5.690 0.489 3.218 2.399 0.826 4.668 5.680 4.503 0.514 5.401 4.169 4.621 3.542 5.098 5.162 5.086 5.329 5.917 5.239 3.009 2.379 4.853 3.141 0.093 2.632 2.601 2.447 0.100 4.182 5.368 5.051 2.319 4.505 3.714 3.578 3.204 2.051 0.837 1.763 0.705 5.645 4.498 5.649 4.528 4.673 2.006 - 0.776 4.552 0.326 1.694 1.012 3.353 5.475 4.764 3.886 4.844 2.892 2.734 3.924 2.497 1.445 
0.125 - 1.763 0.796 0.345 1.920 0.691 2.042 0.008 4.382 3.542 3.831 0.259 3.769 5.083 2.028 5.970 3.154 2.981 0.362 4.589 3.682 3.823 4.076 1.053 2.371 5.695 4.038 2.880 4.550 2.106 2.667 1.506 1.774 4.898 5.761 3.241 3.972 3.139 2.876 2.013 5.391 2.706 1.462 2.291 5.672 5.465 4.469 2.211 0.094 1.580 3.511 2.051 0.662 1.534 - 5.694 4.280 5.962 5.526 4.726 3.783 3.302 2.927 4.178 0.041 3.672 3.805 1.798 4.726 2.177 1.179 3.000 1.696 0.099 0.133 5.355 0.159 0.109 1.263 1.645 5.045 5.765 2.200 3.101 5.080 4.128 0.302 0.461 1.217 5.297 3.378 1.959 3.001 4.146 5.061 4.263 0.479 3.372 3.096 
0.434 0.994 0.871 4.690 4.556 1.603 1.915 3.728 5.946 3.112 0.031 2.524 0.030 2.317 2.796 1.858 0.283 0.916 0.092 3.904 3.483 5.299 1.574 1.379 5.322 2.450 4.996 0.990 5.767 2.808 4.728 4.833 4.664 0.195 5.111 3.696 5.117 3.659 3.557 0.855 3.165 0.214 5.509 4.101 3.204 5.068 3.522 1.295 1.442 4.937 5.774 2.726 2.483 4.542 5.367 4.026 2.869 4.256 2.704 0.207 0.071 2.233 1.122 4.756 4.031 1.124 4.788 3.438 4.908 5.694 1.633 2.639 5.147 3.325 0.799 0.734 4.438 2.459 5.702 5.993 0.447 4.595 0.402 0.056 0.551 5.381 2.488 3.934 5.988 3.790 2.115 3.874 2.032 1.166 4.257 3.224 3.918 4.256 3.513 5.703 
0.008 0.124 3.138 1.665 3.105 2.023 4.882 4.356 1.789 4.879 4.663 - 5.552 2.199 1.637 3.672 1.738 0.537 1.821 3.806 5.017 4.820 1.995 2.606 4.012 1.710 0.432 1.531 3.160 2.695 3.597 4.741 1.099 3.437 3.117 1.506 1.517 3.538 0.965 4.403 4.498 3.572 2.844 3.425 5.944 5.779 2.277 3.419 3.584 5.353 4.821 5.508 - 4.677 - 0.325 1.109 3.282 2.051 5.982 3.137 5.606 2.905 2.753 5.244 4.906 5.340 3.433 2.336 4.874 4.589 1.244 3.619 4.645 2.066 4.024 0.773 1.958 4.951 0.238 0.270 1.265 1.526 3.058 5.783 0.497 1.779 5.464 5.924 2.122 2.143 5.886 5.359 4.935 2.945 0.490 5.572 0.788 5.364 4.660 
0.732 0.185 4.529 2.902 5.793 5.066 5.413 4.220 3.349 4.834 4.534 1.408 4.908 4.227 0.057 3.682 3.759 3.346 3.584 4.453 4.512 1.855 2.931 0.508 2.644 5.763 1.838 4.811 0.955 5.102 0.733 3.004 0.409 3.871 1.265 3.567 4.901 3.756 2.299 1.388 0.906 0.108 4.494 2.221 3.927 2.638 2.486 5.188 3.948 0.166 3.982 2.075 5.926 2.578 3.825 1.738 4.527 3.931 - 5.391 5.001 4.333 2.504 2.000 0.172 0.851 3.814 2.321 1.024 3.317 2.737 5.469 3.383 1.363 3.647 1.087 1.543 4.512 5.073 5.387 3.561 5.507 1.099 4.424 2.221 4.420 5.698 1.024 4.367 3.311 - 4.754 3.476 2.433 3.286 3.254 5.938 1.108 5.389 0.102 
3.179 0.904 3.359 2.877 4.238 3.397 5.322 4.370 1.040 0.604 1.132 5.770 2.040 5.443 1.359 0.585 2.149 1.471 1.838 2.990 0.564 3.432 1.327 5.620 2.103 0.977 4.344 3.551 3.824 5.009 1.736 3.383 3.000 0.101 5.081 2.249 4.765 5.833 1.423 1.962 1.912 2.720 2.269 2.321 5.422 2.703 3.096 2.843 2.363 5.881 2.859 3.870 5.768 0.319 3.222 4.127 5.034 0.357 2.340 0.372 5.222 4.876 4.137 5.772 1.457 2.442 4.991 3.060 2.335 5.158 5.735 4.444 1.934 1.390 3.727 0.491 3.624 3.313 1.615 3.012 4.413 2.447 2.138 2.113 0.059 2.995 0.046 1.248 4.582 4.898 0.842 4.114 3.190 2.048 1.614 1.788 4.903 2.058 3.775 5.380 
2.412 4.929 0.907 5.852 1.636 5.526 4.854 2.342 3.431 5.247 1.165 0.075 0.409 0.344 3.100 2.844 0.243 0.384 0.470 3.740 4.622 0.923 2.390 3.625 4.433 1.785 3.628 4.793 3.063 2.589 1.100 4.960 3.624 2.112 1.921 3.381 5.220 4.016 3.732 3.510 0.193 2.224 5.774 3.179 0.467 5.060 3.365 3.713 0.784 3.913 1.063 5.863 1.707 5.863 2.840 2.768 3.805 2.266 1.125 2.465 2.390 2.812 4.473 0.684 3.583 1.015 2.012 4.862 1.345 2.499 1.623 4.388 1.355 3.747 4.059 0.141 5.363 4.272 0.894 2.401 2.789 1.337 0.309 0.068 4.934 5.521 3.298 2.049 1.189 1.480 1.855 5.420 4.107 1.290 0.163 0.721 1.097 3.675 3.651 0.417 
5.356 5.116 4.156 0.433 4.541 5.854 3.992 1.951 1.371 0.915 2.258 0.893 5.824 3.237 2.141 1.641 4.205 5.462 0.422 3.749 4.970 0.744 1.101 5.250 5.084 0.788 1.873 3.758 3.623 0.733 4.600 5.956 1.667 4.313 0.007 1.338 4.917 4.956 1.907 4.781 3.652 5.195 5.216 0.712 1.937 3.853 0.942 3.174 2.048 0.067 0.213 5.178 3.206 5.179 4.172 1.148 5.721 3.963 1.320 4.205 4.566 5.558 0.551 5.370 4.337 3.746 2.734 2.516 4.334 1.990 0.234 5.166 0.309 2.836 2.255 4.851 4.079 3.874 2.309 - 1.879 1.551 2.459 - 4.900 1.609 3.297 4.246 2.938 4.849 2.833 5.892 4.581 5.319 5.656 1.086 0.714 0.801 5.829 0.589 
5.766 1.937 4.569 1.369 0.422 2.416 2.960 2.461 1.344 5.600 0.226 3.752 2.892 5.814 1.658 5.422 4.437 5.934 4.196 0.495 - 5.789 4.078 0.693 0.536 0.717 1.635 4.069 1.491 1.728 0.110 4.057 2.660 3.525 0.547 3.034 2.058 0.324 2.449 4.902 0.769 0.052 5.949 0.577 3.703 1.071 5.732 3.547 2.880 0.116 5.887 5.918 5.923 1.550 0.252 4.495 4.300 2.457 - 1.607 3.107 5.401 5.283 4.379 4.923 2.958 3.644 1.175 0.423 5.318 4.583 2.829 4.000 4.396 3.292 1.156 1.717 4.964 4.121 0.016 5.334 5.347 3.982 4.957 0.101 1.145 1.594 0.098 1.310 1.361 3.152 3.571 3.413 5.132 0.772 5.324 1.703 3.015 4.246 3.631 
5.032 0.688 4.979 4.211 2.792 5.599 0.269 3.615 1.287 4.981 3.694 1.269 5.926 1.210 1.958 5.678 0.397 1.548 0.792 2.287 3.148 4.114 - 2.686 3.045 2.796 2.865 4.549 0.125 5.745 1.440 0.196 3.299 2.695 5.714 0.215 0.706 2.377 3.055 1.603 2.217 2.751 0.678 5.299 5.322 1.713 5.169 5.878 1.300 4.248 0.176 2.450 0.179 3.782 5.187 4.600 2.545 2.722 3.065 0.352 3.727 1.819 3.721 4.796 1.324 4.055 1.946 0.039 4.384 2.327 2.993 3.685 1.836 5.148 4.019 1.942 3.031 4.968 2.934 4.853 2.385 3.600 2.624 2.956 3.254 4.495 1.807 4.915 1.206 0.305 0.061 0.351 3.822 0.386 3.765 1.244 3.106 2.412 3.829 2.810 
1.169 0.781 2.634 5.581 3.886 2.422 1.056 1.487 3.071 5.526 5.050 1.948 0.053 0.913 3.297 1.976 2.698 5.719 3.817 1.742 0.183 4.938 4.581 4.478 - 1.310 2.856 3.983 1.201 2.721 0.830 4.930 1.393 1.734 5.332 3.184 2.644 1.869 3.723 0.706 1.250 3.571 0.173 0.489 1.811 5.640 2.662 1.233 5.366 1.139 3.102 1.185 5.144 4.490 - 3.748 3.404 2.568 0.404 0.002 1.952 1.197 - 5.381 3.007 1.419 5.167 5.145 4.104 5.360 1.407 4.244 2.671 5.393 5.257 3.483 4.800 - 3.726 3.694 0.570 3.201 3.755 4.817 5.038 3.171 3.972 5.473 5.699 4.125 0.096 4.674 5.899 2.569 0.743 2.879 1.201 4.352 1.668 0.534 
5.610 1.096 5.943 1.098 2.754 - 1.849 0.384 3.186 5.963 2.424 2.838 2.220 2.055 1.075 3.530 5.855 5.207 4.624 - 5.239 3.615 3.777 0.822 1.795 3.940 1.624 1.582 3.294 2.347 3.756 2.335 2.037 1.920 0.845 5.082 3.617 4.610 5.389 1.752 0.491 2.438 0.476 4.396 2.751 - 0.131 1.277 3.132 1.838 5.853 4.034 0.355 2.808 2.509 1.680 4.368 1.435 2.724 2.676 1.038 1.027 2.264 4.823 0.165 1.053 5.825 4.053 1.537 5.614 2.840 5.554 - 0.947 2.698 3.938 4.044 0.794 5.890 5.317 - 4.325 4.181 1.353 1.977 1.215 0.982 3.363 4.149 2.240 0.497 5.620 0.015 5.504 3.185 0.916 1.148 2.069 1.379 0.357 
4.153 1.062 3.344 1.699 4.281 1.459 0.221 0.141 5.208 2.379 0.749 2.723 5.460 5.548 4.287 0.852 3.796 2.667 0.219 2.632 4.515 1.269 3.284 3.441 2.570 1.008 5.484 4.728 4.111 0.516 1.988 4.080 4.810 1.240 3.152 2.564 - 5.879 1.871 4.302 3.757 5.161 3.069 0.060 0.952 3.809 2.110 1.456 2.980 2.506 1.360 - 5.518 1.688 4.995 2.701 0.221 2.815 1.472 3.628 4.927 1.651 2.807 5.271 0.628 5.812 2.024 4.622 2.683 3.554 2.713 1.267 0.829 0.420 5.758 0.132 5.108 4.928 3.728 0.709 0.748 0.004 3.410 1.686 2.485 3.308 3.312 2.091 5.622 2.997 1.783 2.162 5.421 1.793 4.637 3.189 0.127 3.486 4.860 5.589 
2.349 4.055 3.910 2.230 2.869 3.599 1.706 4.144 2.013 2.462 1.458 2.649 4.911 4.005 4.287 5.855 3.719 0.732 5.315 2.035 0.178 1.393 - 1.560 3.312 0.466 5.335 4.707 5.132 5.473 3.715 4.802 2.615 5.643 0.299 2.163 5.564 1.011 3.276 4.860 1.302 1.972 3.343 1.211 2.316 5.721 4.982 2.320 0.212 3.875 3.689 2.758 4.375 2.812 0.729 5.773 - 1.019 3.296 2.046 5.835 3.867 1.091 4.183 5.290 3.834 2.542 4.665 2.717 1.232 0.907 2.984 4.313 4.944 2.556 0.127 5.151 2.599 2.645 3.456 2.869 4.944 3.322 4.310 1.889 5.957 2.394 4.449 1.755 0.451 2.167 1.592 3.664 2.596 - 4.989 5.663 - 4.749 2.952 
