0.000
5.000
0.219 - 2.114 4.038 0.657 0.610 - 4.303 5.193 1.589 3.072 5.875 0.885 1.262 - 5.884 - - 5.252 1.871 2.866 4.921 4.570 1.493 5.639 
4.433 0.077 3.132 2.985 5.111 1.856 3.475 2.253 2.991 5.341 5.796 1.424 4.411 1.830 0.051 0.470 1.093 0.228 0.718 1.599 3.680 0.198 5.992 4.790 1.753 
1.508 5.581 0.547 4.068 1.544 1.263 2.326 0.830 5.654 1.843 4.178 1.579 2.909 1.121 0.098 0.420 5.309 0.832 - 0.997 4.511 5.145 2.230 3.890 3.808 
3.516 - 1.770 5.581 4.254 3.791 0.129 2.162 4.459 0.269 1.000 3.441 5.728 0.358 - - 5.098 5.824 5.735 5.685 3.911 2.137 4.436 0.882 0.806 
2.664 0.344 4.147 2.743 0.218 3.774 2.371 0.944 5.982 2.842 0.322 1.798 0.617 1.166 5.844 5.207 1.850 2.532 2.623 0.988 4.801 3.096 1.442 2.733 3.468 
0.817 4.030 - 3.994 3.901 5.944 4.101 2.817 - - 2.533 4.443 1.761 1.519 4.526 1.603 5.947 3.871 3.372 4.745 0.168 - - 4.483 0.437 
3.790 3.766 4.941 1.868 3.818 4.381 4.015 5.589 5.919 1.285 3.619 4.483 5.159 2.982 2.951 4.149 5.998 2.606 3.099 5.353 0.539 2.334 4.573 2.106 1.016 
- 5.126 - 5.485 0.507 1.944 3.731 4.478 5.960 1.498 1.270 4.130 - 4.818 3.219 - 4.190 4.375 2.915 1.708 2.361 0.801 - 3.051 5.934 
- 0.828 5.523 3.440 - 3.629 5.103 4.353 3.221 5.795 5.662 2.298 3.143 5.365 4.777 - 4.128 4.054 3.261 3.676 4.405 0.731 2.103 0.400 5.262 
- 3.170 3.396 0.962 0.450 1.589 4.972 2.666 5.841 5.677 1.024 4.567 1.095 5.188 5.084 5.582 3.065 2.309 1.550 0.392 4.842 4.202 1.247 2.181 2.107 
