0.000
5.000
5.936 2.793 3.329 5.850 2.507 5.554 0.963 3.151 1.701 4.931 4.461 0.173 0.831 4.968 2.209 4.789 2.804 2.009 3.007 1.551 5.028 2.907 5.635 2.033 4.367 
0.355 1.641 1.802 - 1.535 4.168 - 1.975 4.215 2.374 2.322 2.156 - 0.968 - 4.103 0.022 3.747 4.527 1.705 0.710 1.142 2.825 0.953 5.707 
5.903 3.993 1.543 - 5.619 5.548 - 2.853 - 1.679 2.284 3.770 3.183 5.030 5.113 3.702 3.589 3.547 0.305 5.479 0.757 2.524 - 1.194 5.581 
5.759 2.160 0.229 1.419 2.807 3.075 3.572 4.360 1.249 1.483 3.120 0.324 1.106 1.888 5.245 4.636 - 0.081 3.029 2.605 5.976 0.131 0.434 1.764 4.762 
5.841 4.746 5.470 4.702 1.172 1.753 - 0.631 3.046 5.013 1.717 0.133 4.381 4.837 4.287 0.366 4.249 4.695 2.616 - 5.073 4.924 5.913 4.193 4.811 
4.102 0.549 0.533 2.522 0.253 2.864 0.046 3.852 5.952 3.750 5.337 2.613 4.866 5.592 4.529 1.700 2.694 2.976 1.510 3.377 2.875 4.525 4.129 1.021 0.929 
5.027 2.900 - 2.833 4.537 0.980 - 1.210 5.583 5.503 4.226 2.615 4.252 4.517 1.399 - - 2.698 3.934 4.691 4.132 5.581 - 5.647 4.491 
3.126 5.720 5.953 - 3.722 1.505 3.092 1.311 3.550 5.992 1.162 - 5.116 1.712 2.493 4.210 3.832 3.532 0.734 3.156 - 3.872 2.492 - 3.878 
- 3.299 0.991 2.695 4.195 0.392 2.701 5.584 4.118 0.741 0.401 2.764 1.004 3.927 - 0.046 5.585 4.758 0.909 4.081 3.694 - 5.980 3.198 4.540 
3.825 5.628 4.896 1.420 4.085 4.939 0.509 1.056 2.761 0.684 - - 4.338 5.706 5.727 2.742 0.232 3.011 2.370 2.717 3.193 3.394 0.710 0.980 4.161 
