0.000
5.000
3.137 5.468 1.677 3.717 3.517 3.204 1.721 3.487 - 5.952 1.534 0.061 2.568 3.325 - 4.562 5.971 1.285 5.644 - 4.544 1.489 3.177 5.794 0.144 
0.438 4.051 2.684 4.058 4.021 1.939 - 4.329 - 3.100 2.676 1.392 - 2.935 1.004 0.863 2.944 3.333 3.545 4.277 4.827 2.555 3.488 2.422 5.806 
4.209 3.469 4.923 5.175 4.564 4.005 2.285 0.868 - 5.875 3.574 0.819 0.250 1.980 0.477 0.818 3.957 0.789 0.963 - 1.273 3.271 1.913 0.183 0.331 
4.859 - 3.170 - 4.426 - 1.122 3.794 5.092 2.495 1.871 1.547 4.222 0.675 3.026 4.499 4.885 1.165 0.971 4.729 3.930 - 2.946 4.603 3.395 
5.950 0.577 0.239 4.030 3.731 0.438 1.412 4.499 1.463 3.613 5.379 4.592 5.320 - 3.187 2.694 1.090 1.549 3.045 2.593 4.325 5.398 4.688 - 3.815 
3.476 0.885 1.814 0.033 2.077 4.475 - 5.040 5.883 - 4.053 1.446 4.732 5.743 5.674 4.614 2.042 1.798 1.287 - - 1.535 5.954 0.774 4.979 
0.894 0.017 4.225 3.517 1.887 1.097 2.760 0.474 0.032 4.022 2.599 5.532 5.820 3.663 - 2.420 3.741 1.155 4.727 5.307 4.171 - 3.859 4.498 2.739 
2.397 - 3.683 - 1.191 4.735 4.547 - - 0.424 2.269 1.928 3.841 1.627 5.688 4.301 5.176 4.475 0.729 0.664 0.726 1.346 0.222 - 0.883 
4.558 4.314 5.389 5.451 1.925 0.714 0.686 3.358 2.525 5.271 0.429 - 3.454 2.457 5.109 - 0.288 2.037 1.432 - 0.754 1.160 4.333 2.605 - 
3.485 2.768 5.753 5.709 2.004 3.038 5.900 2.754 4.518 2.797 4.987 1.157 5.325 2.158 3.691 4.878 3.724 0.186 4.898 2.454 5.128 3.938 2.410 3.230 5.895 
