0.000
5.000
4.430 4.915 2.832 2.757 2.887 5.754 1.166 0.281 4.188 2.710 3.994 1.620 4.962 2.594 2.270 3.556 0.399 1.676 4.057 0.220 3.061 3.493 5.382 2.958 - 
1.208 2.491 3.170 2.496 - 1.069 0.577 4.615 5.743 5.899 0.584 - 1.752 1.450 5.192 - 5.783 4.675 0.603 4.194 5.494 0.006 1.675 5.094 - 
3.246 2.283 - 2.105 4.734 5.832 0.496 1.682 - 0.867 2.697 - 1.092 1.367 5.100 5.679 0.412 5.393 5.176 1.790 - 5.392 - 2.996 5.675 
2.913 0.837 4.165 0.808 1.734 2.285 - 4.932 0.410 5.745 5.976 3.334 4.695 - 1.552 1.406 2.788 3.891 3.261 3.649 2.378 0.388 2.080 3.036 1.702 
1.788 0.058 2.225 - 2.628 5.883 4.838 2.427 3.910 0.782 - - 3.338 2.121 5.507 - 2.364 - 1.579 2.328 0.426 5.096 4.863 2.565 4.444 
- 2.874 5.841 0.129 - 5.762 1.115 3.410 4.103 2.059 0.483 4.472 3.611 4.477 4.400 - 3.959 0.149 4.450 1.244 0.659 5.840 3.468 1.960 5.805 
5.321 3.799 2.820 - - 3.479 4.784 5.917 3.647 - 2.687 2.441 2.045 0.169 5.511 4.112 5.250 1.440 4.682 4.687 3.397 5.237 1.972 4.388 5.224 
3.660 - 1.716 3.321 5.658 3.325 3.178 4.490 1.296 4.516 2.701 1.056 2.849 2.501 1.618 3.214 1.856 0.364 1.082 - 3.047 2.650 3.325 1.366 2.608 
2.023 0.881 3.825 4.745 3.282 0.822 1.188 1.175 5.597 4.510 3.495 0.645 0.186 1.302 1.540 0.815 5.938 0.540 1.131 4.943 5.013 - 5.462 1.811 3.629 
5.654 3.340 4.816 2.833 0.086 0.222 0.158 - 5.757 3.304 2.163 - 5.531 1.539 0.755 0.663 3.600 2.458 0.159 4.396 1.905 1.443 0.668 3.051 2.680 
