0.000
5.000
4.871 3.102 1.491 0.419 1.491 5.885 3.434 1.567 2.893 1.380 4.509 1.245 3.102 1.538 3.948 4.806 4.216 5.294 5.557 0.016 3.743 2.990 5.789 4.540 0.334 3.308 1.304 0.451 0.833 4.366 4.377 1.866 4.314 2.769 2.811 0.137 0.093 4.410 0.730 2.292 2.338 0.850 1.752 4.617 0.046 4.980 0.680 0.417 3.702 1.542 1.840 1.062 2.955 3.905 3.677 2.443 5.060 4.177 2.131 4.908 3.716 1.439 3.636 5.650 4.241 4.496 0.387 0.322 5.782 5.052 1.731 5.444 2.419 2.735 2.170 4.853 0.671 0.806 2.596 0.085 0.961 2.722 4.866 4.156 5.097 5.059 2.830 0.738 0.749 5.492 5.295 2.139 5.305 5.732 0.267 1.939 1.273 2.401 - 1.402 
5.911 1.101 4.321 4.225 3.630 0.347 5.912 5.866 5.991 1.189 4.545 0.256 1.353 4.811 1.632 1.691 3.051 4.160 4.731 0.865 4.733 5.603 4.630 1.050 2.507 4.303 5.055 0.545 2.491 0.799 3.162 5.521 4.607 4.090 1.156 5.904 1.082 5.172 2.011 5.333 3.215 4.651 3.301 4.620 0.530 2.621 0.681 4.388 0.352 2.497 0.475 4.844 5.290 2.968 1.201 4.783 4.929 1.604 4.681 0.031 0.324 5.983 4.622 1.588 3.593 3.475 0.260 3.714 4.078 1.011 4.744 4.104 1.120 5.304 2.544 0.190 - 0.074 1.134 5.356 1.288 1.844 5.632 0.631 1.977 1.796 0.994 3.061 4.651 0.117 2.606 5.591 1.800 1.038 4.928 2.810 5.155 3.565 4.986 0.422 
3.157 1.706 5.011 1.768 1.730 3.579 4.259 2.864 4.253 0.208 2.773 3.345 3.581 3.300 2.739 4.726 5.934 1.409 1.032 1.152 2.075 3.679 4.158 4.719 4.975 0.508 3.671 0.405 4.000 0.589 1.484 4.658 0.798 4.699 4.102 1.825 3.619 3.479 3.822 3.699 2.784 5.235 3.416 1.445 2.473 4.514 4.716 4.165 4.875 4.901 2.875 4.179 2.037 2.064 4.820 4.015 0.509 1.642 0.685 1.777 4.073 1.033 2.617 2.321 4.449 4.584 0.462 5.289 0.953 4.008 0.376 3.612 1.560 4.192 4.339 1.640 5.775 2.738 2.010 2.467 2.084 5.812 1.129 5.449 5.564 4.921 5.030 3.209 0.479 3.331 3.482 0.699 4.381 0.798 2.265 5.085 2.359 5.202 3.470 0.379 
3.547 4.534 4.776 3.612 4.574 5.511 3.718 2.319 4.963 0.944 3.624 5.225 2.778 3.088 4.119 5.778 1.422 2.995 2.437 4.898 4.891 1.167 4.419 2.297 0.621 2.183 4.235 3.976 3.643 1.761 3.595 1.325 5.082 2.256 4.806 3.774 5.397 3.567 4.514 5.842 5.914 0.829 0.449 2.838 3.443 2.096 3.873 3.263 3.829 0.522 1.749 2.199 3.355 2.239 4.920 0.686 3.899 5.305 1.781 3.178 2.647 2.685 5.087 2.763 4.049 1.230 4.578 1.793 2.474 3.138 2.154 0.034 4.774 0.228 5.261 3.324 4.620 2.743 4.048 0.990 3.085 5.155 0.673 4.093 2.513 1.667 4.909 4.697 1.154 1.762 2.898 3.008 0.511 1.250 - 4.286 1.671 0.766 5.534 4.932 
1.805 5.084 5.398 4.717 4.072 3.425 3.939 5.570 4.253 0.733 3.907 3.817 5.268 3.925 5.432 3.468 3.323 2.067 4.001 4.392 3.858 5.905 0.490 4.579 0.505 5.071 1.805 5.184 2.495 2.082 0.819 5.782 4.921 1.718 0.028 - 2.273 0.210 1.008 5.269 4.496 0.993 1.376 3.946 0.694 2.533 2.489 2.782 0.324 4.904 2.615 1.757 5.464 5.437 3.705 3.858 2.352 5.797 3.281 2.701 1.971 5.368 4.226 1.029 5.996 0.754 2.514 5.428 5.816 4.554 0.062 2.384 0.805 2.415 1.030 - 3.265 5.604 2.903 5.448 3.795 2.992 2.699 2.654 3.992 3.533 3.544 1.790 3.562 5.806 5.742 5.819 5.973 3.256 5.223 3.291 2.803 0.140 5.026 0.748 
- 2.711 4.455 2.268 0.013 4.534 1.759 1.082 1.341 2.581 3.947 4.132 1.618 5.214 5.570 5.542 1.644 1.782 4.991 3.218 3.318 5.158 1.308 3.567 2.153 3.499 2.275 1.383 1.175 5.851 4.633 5.004 2.070 5.076 2.378 5.166 3.749 0.783 2.541 3.649 5.786 0.680 4.014 3.002 0.360 2.830 0.919 3.200 1.495 5.913 1.827 3.140 4.449 3.546 1.958 4.311 3.134 4.178 5.228 0.938 3.386 1.934 2.654 5.169 2.790 4.108 5.259 3.717 1.620 1.732 5.159 3.543 0.172 2.857 3.982 2.851 3.513 3.785 1.214 1.719 1.277 5.564 0.392 0.279 5.736 3.552 2.402 5.252 5.864 0.790 2.324 0.113 4.600 5.300 3.474 1.971 4.852 3.234 3.379 3.519 
1.481 5.164 4.255 0.533 3.328 4.559 0.579 5.778 2.958 0.374 3.789 2.450 2.007 4.173 3.293 0.081 0.902 2.726 3.738 2.259 0.192 0.970 5.870 2.597 0.788 1.232 1.228 3.622 0.439 3.018 5.919 2.514 2.361 5.989 4.505 3.771 2.388 4.310 1.711 3.530 1.447 1.709 5.337 5.301 0.521 3.087 2.286 4.413 5.534 2.497 1.174 4.367 5.867 2.694 5.429 4.676 4.343 2.333 4.154 0.607 0.643 3.148 4.381 0.437 0.166 1.154 5.601 3.581 0.324 5.106 1.640 3.015 0.173 5.992 4.113 0.033 3.146 1.406 3.742 0.318 0.466 4.091 2.864 3.794 4.508 4.857 2.370 4.572 5.098 2.418 3.244 5.607 3.296 0.466 2.668 1.458 4.809 1.525 5.435 1.704 
5.781 5.118 1.199 3.722 1.166 4.061 5.423 4.803 4.521 4.865 3.655 3.738 4.611 4.522 1.669 4.614 0.182 1.835 2.985 1.872 2.088 3.119 3.544 4.897 5.795 4.527 2.930 3.276 5.279 1.603 5.916 5.921 3.514 5.847 - 0.186 2.296 2.257 4.269 5.962 5.220 0.839 3.486 0.540 4.074 3.128 2.613 0.740 4.809 3.697 5.267 5.504 0.612 - 1.766 2.723 4.360 4.911 2.773 4.657 0.977 5.408 2.817 2.747 3.844 2.921 - 5.064 2.523 1.778 2.072 1.984 1.575 0.146 0.679 3.992 0.230 2.681 3.281 3.716 0.055 4.752 1.900 2.503 4.617 4.962 2.464 5.928 1.427 3.032 5.832 2.673 2.141 3.357 4.130 1.214 2.183 0.756 2.782 4.665 
4.331 - 0.020 3.424 2.891 3.445 - 0.360 1.679 2.397 4.479 4.207 2.300 0.801 0.593 0.134 3.443 4.925 1.733 5.706 5.330 4.157 4.491 4.624 2.830 4.529 - 3.015 5.423 2.844 0.539 1.072 3.795 1.512 3.815 4.156 1.759 4.696 0.360 4.699 4.646 5.821 5.199 1.430 5.123 4.913 1.294 3.520 0.672 3.509 4.240 2.332 3.716 3.216 0.751 4.408 3.481 5.112 2.782 4.261 4.320 3.409 2.712 - 4.226 5.800 1.000 2.772 1.746 2.971 0.168 2.684 1.393 0.689 3.830 4.624 1.013 5.785 2.809 4.413 5.338 2.148 2.115 0.344 2.163 2.637 0.763 0.591 - 1.506 3.016 2.571 3.162 3.582 2.699 2.273 5.720 4.997 5.751 5.908 
0.205 1.529 5.068 0.150 4.906 2.384 1.259 3.708 1.472 1.284 3.797 2.721 3.683 5.760 0.178 0.783 2.885 3.544 - 0.045 2.030 1.155 5.602 2.215 1.588 2.523 5.264 5.036 5.614 1.817 5.392 2.401 0.201 0.329 3.755 5.107 0.796 2.839 2.988 1.121 3.638 0.477 4.089 0.963 5.763 2.531 2.246 1.512 1.624 5.113 3.121 2.218 0.453 3.928 1.314 5.221 0.981 3.684 1.628 5.439 1.077 5.937 2.235 4.122 5.220 2.304 2.613 - 0.554 1.107 2.452 5.446 2.507 0.551 4.427 4.547 1.644 4.513 1.888 2.703 0.549 3.946 2.115 1.636 5.099 1.761 0.802 4.253 4.463 5.842 5.932 3.088 2.640 5.582 1.067 4.910 3.174 5.987 3.451 0.253 
3.427 1.401 2.475 - 2.350 5.152 4.780 0.012 2.237 3.788 3.353 5.209 2.818 5.159 3.450 4.406 5.327 3.234 3.614 3.552 1.045 4.863 5.575 2.125 1.591 2.964 0.818 1.053 4.578 5.315 5.078 1.491 0.553 1.422 4.082 0.338 4.434 5.597 3.835 1.503 2.806 2.513 4.690 2.531 1.644 2.049 2.261 0.251 5.048 1.265 4.059 4.537 2.623 0.749 0.462 0.200 3.079 4.466 4.295 5.376 4.506 4.565 2.896 0.534 5.623 3.317 0.102 3.464 5.049 3.562 3.073 4.245 1.344 2.672 0.265 4.294 1.226 5.078 4.266 3.130 2.922 2.914 0.460 5.430 2.133 3.286 1.734 1.395 5.563 0.011 4.634 5.253 5.313 5.520 3.436 2.027 4.803 4.828 1.692 5.392 
5.755 1.631 3.965 0.226 3.737 2.253 5.281 4.625 4.190 4.898 3.163 2.025 1.601 0.601 1.129 2.491 0.537 5.395 5.193 1.370 0.916 5.596 4.877 2.372 5.534 0.843 3.185 5.554 3.461 5.242 0.284 0.027 1.470 4.576 0.399 5.874 4.026 4.649 1.003 0.803 4.749 4.358 0.010 2.541 2.551 1.066 2.161 1.959 3.894 1.227 0.261 2.231 2.750 0.092 4.303 4.198 5.999 4.562 1.852 1.308 0.002 1.011 0.314 3.225 0.104 5.035 5.927 5.292 4.716 0.666 3.440 3.630 1.495 - 0.530 4.608 4.936 0.819 - 2.901 0.420 0.524 0.895 2.188 1.419 - 2.047 2.876 0.210 - 0.437 3.973 3.922 1.646 0.191 5.427 1.304 1.010 2.816 4.862 
0.140 0.934 4.184 2.726 4.657 4.483 1.697 5.537 0.288 4.236 2.221 2.540 0.892 1.539 2.509 2.206 2.883 1.181 2.858 5.371 4.622 0.563 5.018 1.448 5.070 3.255 0.905 5.864 4.212 0.639 4.357 5.479 0.810 0.386 0.147 5.507 3.501 4.570 0.935 0.196 1.157 1.129 1.675 0.216 1.773 2.304 2.342 0.276 3.919 2.496 5.560 5.070 5.017 5.753 5.925 2.111 0.361 5.790 4.414 0.442 3.874 3.108 4.352 2.570 0.142 4.311 2.900 3.266 5.229 2.284 3.957 3.087 3.164 2.306 2.748 0.689 1.863 4.588 5.183 4.054 4.503 0.027 2.318 0.840 0.090 3.256 3.918 2.029 0.120 1.261 1.285 0.965 4.825 0.953 2.028 3.738 4.514 5.210 2.482 4.667 
5.861 4.907 0.360 3.003 0.073 4.469 5.497 1.756 3.479 3.325 3.108 2.820 1.206 3.870 5.634 1.354 4.739 4.399 2.572 0.691 4.235 4.051 1.897 2.223 2.573 3.981 3.834 4.081 0.968 4.172 4.834 5.077 0.521 4.272 2.842 4.795 3.493 4.183 2.128 2.533 2.529 1.960 5.034 3.096 5.323 2.814 1.063 0.156 4.535 - 2.702 2.035 1.945 3.116 4.287 0.373 5.956 5.234 3.096 1.171 2.664 5.599 2.624 0.159 0.711 - 2.753 2.348 3.077 0.533 4.173 0.961 4.883 2.106 3.047 5.730 3.075 2.461 0.429 0.752 5.644 1.885 1.448 5.748 0.723 3.482 5.679 5.677 5.554 5.902 2.487 4.166 1.883 5.346 1.413 4.201 1.858 3.691 3.920 4.922 
4.193 5.893 3.023 5.071 4.937 1.637 5.196 5.249 0.879 5.231 5.024 1.868 2.570 1.935 2.987 3.516 3.091 0.655 5.369 0.543 4.898 - - 5.371 0.745 5.614 5.349 5.499 4.491 0.602 0.592 4.807 3.973 5.249 0.132 4.335 5.885 3.215 2.333 5.292 3.837 5.622 3.012 4.519 3.403 3.420 2.033 0.040 0.069 5.254 3.951 3.707 5.532 0.120 1.070 5.242 2.743 4.605 2.217 5.188 4.512 3.954 1.916 3.484 0.331 2.597 - 5.459 1.335 3.109 1.474 4.099 2.065 2.804 2.850 2.420 5.821 2.420 2.823 2.700 0.021 5.429 0.070 2.177 4.958 1.630 1.463 1.626 3.884 4.679 0.182 3.945 2.182 2.158 5.571 2.557 2.792 0.665 3.448 4.052 
4.210 0.424 3.442 1.521 4.088 0.023 4.090 2.055 1.259 2.213 0.923 1.243 4.680 4.767 0.727 5.755 3.423 0.655 4.243 0.205 2.207 3.728 5.923 2.948 3.069 3.883 1.592 3.799 1.078 3.384 4.252 4.740 3.712 1.284 - 0.672 0.664 1.092 3.331 5.179 3.451 1.967 - 0.133 4.200 5.803 3.839 5.773 2.502 1.568 2.558 3.596 2.060 - 0.030 4.109 3.270 - 4.141 5.055 3.600 5.384 5.748 3.308 2.875 0.341 1.303 3.084 1.230 3.702 0.536 4.565 3.569 2.253 2.015 2.354 3.913 2.875 3.879 0.517 1.981 3.421 5.990 2.158 2.752 3.498 1.127 0.675 3.599 - 2.629 0.938 2.861 3.557 4.174 1.667 2.445 3.204 2.057 5.302 
3.551 3.530 3.492 3.803 1.131 4.794 1.761 5.430 5.150 3.055 3.089 0.256 5.604 4.619 3.553 1.400 3.772 4.916 3.664 0.085 5.433 3.684 4.685 4.134 2.629 5.667 3.696 3.031 4.185 1.113 0.223 2.409 2.257 4.748 1.775 5.394 5.699 2.162 1.611 3.773 0.944 2.798 1.440 0.368 3.491 2.906 4.627 1.420 1.888 1.905 3.733 4.105 5.354 1.679 5.952 - - 2.287 3.148 1.886 5.685 5.495 3.797 3.264 3.753 3.400 4.160 4.257 5.607 1.209 3.496 4.841 0.616 0.958 4.998 2.492 2.439 0.647 2.513 3.114 0.817 2.856 4.857 4.273 3.559 0.451 2.774 2.976 2.802 4.499 2.222 1.929 1.225 4.883 3.780 0.869 3.953 3.520 1.488 3.110 
3.979 3.294 3.381 4.545 3.271 5.205 5.754 4.802 4.220 1.342 4.849 1.526 2.826 0.815 0.814 5.424 1.645 1.919 3.841 0.373 5.333 3.763 2.931 5.444 5.386 4.237 3.632 4.431 0.594 0.307 2.014 2.656 1.741 5.036 2.911 4.716 4.019 0.632 3.095 2.187 0.541 2.105 0.685 1.070 3.135 3.894 2.620 4.998 2.390 3.979 0.514 1.856 5.599 4.649 1.635 0.576 0.915 4.118 4.087 1.386 0.583 2.731 1.611 2.765 3.636 5.371 3.602 1.761 0.908 4.129 2.146 1.161 2.571 2.032 1.977 3.299 4.777 1.929 3.291 1.991 1.195 2.297 1.354 3.234 5.488 5.852 4.739 3.926 1.871 1.414 3.906 1.860 4.990 4.475 1.619 1.734 3.374 3.349 4.433 4.811 
3.662 2.146 4.218 5.613 4.251 3.741 5.639 0.083 4.272 3.849 0.371 2.183 2.541 1.291 0.395 0.461 5.699 4.641 1.160 2.853 5.916 5.124 3.360 2.086 3.293 - 3.889 3.615 1.082 2.532 4.639 1.682 3.228 0.755 3.560 3.405 3.510 4.490 3.773 2.211 1.853 - 3.160 0.115 0.028 2.326 3.064 5.609 4.103 0.799 0.312 2.019 0.560 0.630 1.778 4.300 1.003 0.783 1.213 2.220 2.791 3.886 3.926 0.861 1.838 4.201 0.289 3.243 5.098 3.824 5.779 2.695 2.033 1.382 3.503 0.387 0.521 3.989 2.819 0.093 3.298 1.630 0.731 1.958 0.095 5.509 3.287 3.540 0.100 4.186 4.162 3.994 3.351 5.561 1.024 1.639 - 2.942 1.117 0.602 
4.967 3.659 1.251 4.526 0.517 1.309 2.601 5.079 4.072 3.918 5.539 0.063 3.256 5.882 1.723 5.997 1.862 1.553 1.998 3.937 2.333 3.417 5.219 5.750 1.727 2.814 4.561 3.262 3.154 4.136 1.023 2.651 5.456 2.985 3.034 3.193 5.048 2.284 5.732 1.170 3.494 3.716 5.575 4.406 0.429 5.252 5.475 2.455 5.955 0.811 2.614 1.994 1.554 1.328 5.496 0.403 5.955 3.692 0.647 2.929 2.188 3.078 4.639 2.148 2.309 5.316 5.838 0.677 4.975 4.842 0.425 3.346 0.153 2.756 0.852 3.108 0.825 0.342 5.878 0.108 5.543 2.203 1.857 1.298 4.117 3.896 0.799 0.956 - - 2.110 2.359 3.026 2.218 5.661 3.671 - 3.883 0.079 4.894 
0.888 - 5.504 1.215 1.149 0.438 1.096 1.864 1.897 5.079 2.357 1.922 2.958 4.667 1.801 5.114 - 4.551 5.098 1.980 3.965 4.969 2.719 - 1.017 1.722 4.182 0.885 3.869 2.385 5.396 3.857 5.018 4.771 0.240 5.068 3.770 0.232 3.513 5.156 2.496 4.167 3.854 2.126 0.893 5.850 4.163 2.605 2.846 1.342 5.368 0.016 2.862 2.886 3.175 1.453 5.737 5.701 4.657 3.815 0.350 2.594 2.185 5.446 2.080 4.218 0.293 2.180 0.389 2.162 - 2.260 2.642 5.359 1.021 1.105 - 3.535 5.297 4.369 3.836 2.565 3.991 0.110 2.556 1.752 5.751 2.209 5.763 4.051 5.673 5.471 0.348 3.265 3.087 5.998 1.055 1.156 4.873 2.605 
0.791 3.234 5.459 4.404 4.633 1.245 3.458 4.581 2.554 2.446 5.785 1.171 2.678 5.609 2.798 5.395 2.136 0.258 1.788 0.994 4.984 0.901 1.105 0.251 2.116 3.813 5.614 1.466 0.271 5.537 2.020 0.589 5.188 5.824 4.514 1.956 5.382 2.153 1.582 3.214 5.858 2.374 5.611 5.665 1.328 0.348 0.191 1.278 2.265 0.699 - 1.607 0.230 3.031 5.802 - 5.539 5.064 4.321 0.526 2.338 0.239 2.418 - 1.644 0.362 2.099 2.217 5.797 1.784 3.419 0.902 2.120 2.532 1.334 1.256 5.353 1.605 4.802 2.196 3.666 0.433 5.972 1.634 1.669 2.188 2.865 4.490 1.987 5.279 3.066 0.279 2.432 0.927 2.410 1.215 2.835 5.262 1.590 2.959 
- 2.467 3.914 5.567 3.329 1.108 0.355 3.123 0.912 4.712 4.735 1.272 3.146 4.032 5.388 4.088 3.085 - 5.768 3.523 1.422 1.220 1.006 3.442 3.999 4.113 0.015 4.418 3.942 3.429 4.169 5.700 5.180 1.762 0.896 5.410 0.887 2.694 0.298 4.544 0.616 2.400 1.063 0.849 1.521 4.516 4.574 3.061 2.192 0.332 - 0.353 0.114 4.935 2.180 0.125 - 5.428 0.590 3.510 5.772 1.836 1.046 4.152 0.307 4.655 0.820 3.877 0.359 5.366 0.158 4.982 2.008 5.471 5.319 4.796 2.185 1.826 1.969 4.122 4.849 5.181 1.147 1.007 0.646 0.903 0.977 1.097 2.491 1.892 2.772 1.547 2.494 3.622 2.031 3.149 1.954 - 1.150 2.931 
0.937 3.112 2.069 3.812 1.191 5.105 0.733 5.257 2.106 - 3.375 5.277 1.123 3.589 2.061 3.107 5.796 1.455 3.038 4.103 1.272 0.023 0.937 3.721 - 5.503 0.183 2.695 0.787 0.867 1.826 0.691 5.719 2.328 4.164 0.928 1.165 5.372 3.104 0.389 4.422 2.975 5.262 3.340 4.128 3.504 3.241 3.844 1.728 0.490 2.456 1.977 5.654 1.141 4.201 - 1.500 1.079 - 1.748 5.229 3.316 - 4.819 2.628 3.980 3.528 0.662 2.856 1.715 5.761 2.803 2.979 4.033 5.766 0.819 5.897 2.198 4.492 1.789 0.005 2.454 1.693 1.509 3.280 3.569 1.510 0.894 3.328 0.792 2.169 5.300 4.151 2.344 0.951 1.781 4.086 2.568 4.805 3.478 
2.228 4.696 0.835 2.763 2.296 4.790 5.479 1.416 4.844 4.218 5.450 2.222 5.659 4.982 3.516 2.016 2.287 2.609 3.342 5.107 4.185 - 3.765 3.028 5.236 4.246 4.334 2.873 2.014 0.122 5.524 0.695 4.764 5.515 5.458 1.799 0.983 3.609 3.967 2.921 5.923 2.060 0.150 4.517 4.168 1.793 1.427 2.457 5.717 3.960 0.319 3.472 0.721 1.778 1.884 3.699 3.172 1.180 1.835 2.563 5.451 2.339 0.970 3.108 4.650 3.195 5.495 0.701 0.060 0.165 3.290 4.716 1.124 2.118 3.028 4.532 2.484 1.612 4.365 3.743 3.556 4.233 1.179 1.053 0.243 2.589 2.005 4.787 2.090 0.275 2.446 2.387 1.256 2.707 1.412 4.607 4.212 4.341 0.502 0.433 
