0.000
5.000
2.245 4.373 3.067 4.537 0.904 4.045 4.434 5.855 3.626 0.426 3.418 4.847 4.941 4.262 3.717 5.909 3.492 0.590 2.706 0.817 5.852 3.910 0.567 4.324 2.496 0.229 2.733 1.053 5.518 2.030 0.398 4.987 3.138 5.228 5.300 4.593 2.954 5.121 2.829 0.313 4.216 3.241 5.852 4.719 1.225 0.821 4.374 5.221 3.111 3.390 1.349 4.662 3.964 0.655 2.579 2.573 1.334 0.534 0.689 5.210 0.678 - 5.679 3.809 4.273 3.713 3.480 3.685 1.542 2.677 5.312 4.028 1.564 5.896 4.465 3.306 3.830 2.905 3.354 2.253 0.012 1.645 4.405 3.416 1.685 1.204 5.429 1.117 2.504 4.816 3.728 2.574 2.404 1.899 3.147 3.726 1.827 1.904 4.745 5.990 
4.622 - 5.838 0.163 1.739 0.315 5.565 4.263 0.335 1.737 3.902 1.111 5.727 4.258 2.135 2.630 4.879 3.151 2.035 1.533 2.218 5.044 3.837 3.705 4.661 5.110 3.680 5.611 5.739 0.181 3.416 5.847 3.101 1.827 0.540 3.283 4.469 5.546 0.255 2.627 2.387 0.256 3.417 3.465 3.760 0.279 3.273 1.048 2.343 1.902 0.454 2.239 0.862 2.469 3.765 0.102 - 3.761 1.742 - 0.654 3.135 2.873 1.052 0.670 1.588 0.707 4.088 3.685 3.485 5.868 2.273 1.829 4.272 2.199 5.306 1.331 5.952 4.913 5.052 2.625 3.530 4.730 3.451 2.368 2.995 - 4.190 4.796 0.688 5.782 2.484 2.777 3.161 5.241 4.788 2.320 1.771 4.609 0.628 
1.658 2.472 4.649 0.948 4.095 5.239 2.651 1.144 3.533 1.735 4.030 4.622 2.899 5.282 1.011 0.987 1.385 0.750 2.682 1.535 0.705 5.925 - 3.085 4.790 0.952 3.290 0.872 0.907 1.825 3.072 0.063 0.727 2.118 2.928 1.594 2.341 4.817 1.703 2.672 0.655 - 0.047 5.351 5.939 0.151 - 0.078 4.612 1.604 2.457 5.041 2.577 4.530 0.875 4.532 3.566 1.582 3.422 0.343 1.113 0.103 5.525 1.463 4.756 5.256 - 3.021 1.103 0.111 5.852 5.565 0.283 2.108 5.160 2.301 2.189 5.347 4.117 4.926 4.677 1.639 3.019 0.135 5.660 2.129 5.371 2.739 0.683 3.682 3.460 - 1.158 3.949 3.481 1.684 0.024 4.312 5.594 5.544 
0.484 0.901 2.388 1.196 3.506 5.804 1.208 0.309 3.301 3.933 0.133 0.024 3.561 1.781 5.041 1.472 0.543 4.260 4.330 5.659 4.828 5.661 5.335 5.602 2.910 5.341 0.030 4.760 3.052 0.684 2.785 2.138 5.967 5.435 1.773 1.497 1.962 5.517 4.442 2.559 - 2.869 4.183 0.010 0.737 4.706 0.010 5.418 1.646 4.941 5.654 0.007 4.862 4.219 3.048 2.402 5.517 3.241 3.624 3.146 2.736 4.632 5.312 2.850 3.263 5.713 5.428 5.411 1.911 4.006 5.995 1.645 2.370 1.243 4.225 0.138 4.316 0.027 3.087 2.924 4.195 4.102 2.984 5.888 5.342 - 3.608 3.530 0.399 3.023 3.027 2.835 1.153 0.353 2.965 3.635 4.102 1.238 1.123 4.851 
5.461 3.376 5.263 4.616 3.980 3.520 3.695 1.045 4.538 2.192 1.753 3.590 5.457 5.055 1.511 3.577 3.418 3.446 5.212 2.555 0.977 2.405 4.109 5.934 1.283 0.166 2.880 - 5.371 3.842 2.893 0.624 4.372 0.537 2.591 0.874 1.392 4.565 0.587 0.593 1.654 5.842 0.914 2.256 4.763 3.872 0.090 5.158 1.689 5.951 2.368 0.608 1.200 1.495 4.639 4.984 0.090 4.462 0.042 4.692 0.553 0.959 3.319 1.865 0.530 3.128 3.389 2.395 4.777 1.345 1.488 2.527 3.709 2.672 2.538 2.870 5.892 2.313 1.157 1.228 0.235 0.605 5.890 4.131 5.625 0.756 5.892 3.357 4.812 4.191 1.331 2.112 - 0.960 0.288 5.815 2.708 0.135 4.863 2.669 
1.386 4.890 4.152 1.932 5.513 4.604 2.604 2.374 3.867 1.790 3.002 2.301 - 2.376 3.793 5.261 2.176 3.114 5.127 4.732 4.849 - 5.916 5.033 5.197 4.624 3.504 5.305 4.994 5.902 0.702 0.381 4.604 0.328 3.826 4.672 1.053 1.471 5.242 5.944 2.387 4.011 2.628 1.052 3.415 2.600 4.917 3.315 5.349 3.522 5.486 5.271 - 0.476 0.761 - 4.295 0.764 2.891 1.644 1.700 2.561 4.631 5.318 5.167 3.806 2.928 2.027 3.238 2.517 1.050 3.965 0.862 1.048 5.369 5.811 3.011 0.974 4.078 3.030 1.978 2.874 1.301 4.188 0.820 4.299 3.099 5.282 0.228 3.714 5.906 0.488 2.856 2.058 0.875 2.617 3.764 0.956 1.506 1.880 
4.626 5.499 5.258 1.179 3.724 5.302 4.522 4.257 3.271 5.293 1.610 3.761 1.725 0.517 4.581 1.736 2.980 1.864 0.665 0.497 5.991 2.505 - 2.445 5.961 3.047 1.141 3.976 4.835 5.976 3.882 5.445 0.616 1.185 1.385 5.108 4.136 4.629 1.282 2.878 0.529 1.246 2.717 5.619 0.672 3.394 1.960 1.453 3.319 5.035 1.276 0.334 5.587 3.885 3.828 5.774 5.758 2.602 1.676 4.241 0.161 5.930 2.675 2.270 3.116 5.484 3.285 4.835 1.567 3.544 1.903 1.939 4.131 1.881 1.413 3.719 3.804 3.212 4.127 3.690 4.562 3.386 5.231 0.971 4.466 3.857 2.236 5.483 - 0.403 3.721 5.262 5.552 5.347 0.930 0.037 2.023 4.839 - 4.214 
4.674 0.223 1.495 4.992 0.924 4.367 - 5.716 0.944 4.835 0.303 4.626 0.906 0.426 4.467 2.623 4.941 4.990 0.803 3.056 2.370 0.101 1.090 2.066 2.114 3.078 3.565 5.380 1.883 4.431 1.528 4.710 2.824 0.483 3.325 3.314 4.864 3.479 4.351 4.530 5.924 0.995 1.665 5.344 1.605 - 0.176 1.226 2.772 1.834 0.161 0.568 - 2.260 5.139 1.112 - 0.912 - 0.717 3.980 4.531 3.840 4.767 3.768 2.425 4.000 0.350 4.868 0.202 3.842 5.151 0.518 4.424 5.939 2.716 0.946 3.801 3.251 3.451 5.189 1.461 2.665 2.267 2.791 0.644 4.461 3.395 2.286 0.933 1.625 2.326 2.049 1.847 4.594 0.269 1.161 5.238 5.018 3.895 
0.740 5.094 3.759 5.603 5.291 0.245 2.407 5.072 2.237 4.233 - 0.885 1.195 0.133 2.989 2.113 - 0.990 3.527 3.134 4.395 2.394 4.581 0.917 3.454 3.712 0.962 3.637 0.805 0.116 2.832 2.035 5.723 4.309 1.588 5.862 2.594 5.492 2.102 1.666 4.769 3.751 2.987 0.990 1.094 0.568 4.768 1.801 3.524 4.642 5.504 0.709 0.850 0.647 2.477 5.125 2.624 2.880 5.117 5.128 0.873 2.078 2.286 2.290 1.123 5.888 4.451 1.183 0.635 1.672 2.112 2.668 0.546 4.404 2.147 4.399 1.883 0.495 5.428 5.221 5.086 0.332 0.242 2.383 2.800 2.269 4.624 5.576 0.259 2.634 4.746 1.907 0.594 0.135 1.974 4.954 1.806 0.770 2.104 4.945 
0.047 - 4.662 3.715 4.547 1.114 0.294 1.605 0.470 1.288 1.692 0.184 2.902 4.047 1.137 2.070 1.900 2.173 0.702 4.501 1.460 4.224 0.063 - 0.530 0.807 4.521 4.808 4.490 2.118 0.139 1.933 3.941 5.942 5.975 2.948 0.925 5.525 0.456 2.347 1.017 3.426 1.904 4.473 4.876 0.592 2.170 0.590 5.023 1.432 3.155 1.284 2.673 5.699 0.829 5.769 3.453 4.383 2.057 1.589 3.809 3.744 - 5.532 3.779 2.864 4.366 1.360 4.639 5.897 4.616 2.186 5.701 2.349 0.168 2.960 5.219 3.365 5.233 1.637 2.035 1.029 1.740 2.129 5.138 3.235 1.365 0.087 3.840 2.550 1.853 4.004 1.724 3.941 4.712 2.924 2.906 0.974 1.520 4.358 
2.227 2.756 5.667 5.723 1.084 4.457 2.543 2.792 0.566 2.047 0.729 1.598 1.967 3.443 - 2.216 4.734 1.135 1.666 1.404 1.575 5.813 0.316 5.766 0.704 1.312 5.380 2.379 0.442 1.511 5.851 5.685 2.166 4.985 1.033 2.076 3.297 4.856 1.572 5.716 2.656 5.333 3.257 2.664 4.102 2.933 0.515 5.331 0.859 1.315 3.747 1.697 4.408 2.037 3.834 3.585 0.217 5.325 2.234 1.531 5.867 5.248 2.168 4.530 5.454 0.313 3.317 5.087 3.294 1.674 1.447 1.600 4.132 2.668 5.165 3.106 0.126 1.420 0.857 3.924 0.861 4.666 1.563 1.610 3.659 1.844 2.219 0.976 5.272 3.794 2.311 1.732 0.922 0.153 5.525 3.495 2.387 3.752 0.454 1.588 
0.864 0.117 1.479 5.435 2.341 1.389 1.569 4.334 4.487 0.632 3.060 1.704 4.007 0.460 5.337 5.506 2.255 2.304 1.104 3.247 2.870 0.345 4.699 4.584 1.206 5.191 1.121 4.336 3.229 5.689 1.543 1.546 1.482 5.875 0.212 2.790 5.564 4.060 5.728 2.928 2.376 2.554 2.699 3.935 1.123 3.407 1.714 4.311 1.708 3.905 2.476 5.885 0.793 3.323 4.771 3.587 3.311 5.668 2.670 0.926 2.744 5.797 5.134 5.552 0.836 2.365 0.749 5.332 2.842 4.635 1.967 3.881 3.638 1.088 0.688 5.397 3.314 2.227 0.506 0.053 3.979 5.788 1.308 2.999 0.675 1.840 3.249 0.254 2.291 1.999 1.404 3.498 1.386 3.121 3.557 4.843 4.735 3.414 3.788 - 
3.535 0.412 4.813 1.249 1.855 5.703 4.067 5.570 1.565 2.011 4.262 0.836 5.792 5.889 0.420 4.436 4.347 2.580 3.968 1.352 5.046 5.940 3.294 3.692 5.828 0.153 5.168 4.134 5.176 4.109 4.304 2.227 2.872 4.879 2.644 4.501 2.694 4.590 4.164 4.726 5.055 1.428 1.194 1.505 3.021 0.287 2.329 4.654 3.437 5.818 4.075 1.564 2.171 - 0.323 5.876 2.686 3.235 1.710 5.378 4.282 2.786 2.739 4.112 0.424 - 2.357 5.078 4.611 3.961 1.402 0.889 3.147 1.502 4.012 2.030 1.111 4.273 1.692 4.175 1.612 0.340 0.276 3.225 3.205 4.820 1.515 1.384 4.029 4.598 - 3.686 1.873 1.373 2.911 5.915 - 4.934 3.438 5.815 
0.859 5.210 2.120 0.823 1.698 0.882 1.463 3.749 4.992 5.702 5.247 4.921 2.750 4.061 1.791 5.847 2.734 2.272 0.739 5.484 3.234 2.613 1.820 5.329 3.428 4.919 5.471 - 3.375 2.354 2.603 4.445 2.543 2.685 2.165 4.685 3.104 0.945 5.899 0.066 5.953 3.976 1.941 4.439 - 1.773 0.545 0.660 4.857 5.006 2.309 0.294 2.693 4.418 - 3.885 1.389 0.147 5.555 4.809 3.463 5.182 2.431 - 0.493 5.401 5.933 3.618 0.141 0.692 5.419 3.183 5.093 1.744 5.597 2.720 3.313 1.047 - 1.453 5.128 0.582 0.710 5.495 3.206 0.523 1.072 3.178 0.508 3.074 0.656 5.056 0.717 5.311 4.843 5.426 3.529 4.536 0.773 1.057 
4.556 3.572 5.874 2.330 0.843 1.112 0.395 4.067 0.752 0.171 1.034 1.090 4.845 0.330 2.764 4.029 0.264 1.798 1.049 3.858 0.003 2.167 0.831 0.140 5.315 2.573 4.281 0.361 4.584 5.182 0.471 1.138 0.791 2.138 4.837 1.089 3.782 5.359 1.420 0.033 5.188 0.665 0.407 4.090 4.852 0.827 5.533 4.999 4.098 4.131 2.308 4.754 3.062 5.981 0.927 5.288 4.674 1.001 3.015 5.558 4.637 3.865 1.111 0.935 0.977 4.904 2.005 2.275 2.384 1.187 3.613 4.471 1.666 1.453 0.199 2.642 5.166 3.834 4.192 2.411 2.936 4.800 0.823 2.965 1.917 2.256 0.169 3.735 1.148 5.055 1.980 5.674 0.370 3.572 1.949 4.126 3.072 3.188 3.746 0.294 
4.795 1.266 2.189 5.186 1.523 0.096 5.855 1.603 1.002 2.231 1.408 4.936 5.449 5.453 4.202 2.480 - 0.720 5.070 0.420 3.461 5.176 3.222 3.586 5.348 3.161 0.912 2.391 2.146 2.791 2.469 2.145 3.027 3.281 5.720 - 2.241 2.265 1.172 2.612 0.783 4.856 1.629 3.463 1.368 5.123 4.141 3.437 2.349 0.032 5.369 5.260 2.570 1.730 0.535 3.977 4.502 0.261 3.191 5.183 3.263 3.526 0.009 5.245 4.303 2.409 1.723 3.276 0.726 2.524 2.211 3.663 0.234 2.100 2.490 0.419 3.739 3.878 5.142 2.515 4.619 5.835 3.352 4.726 5.487 2.821 3.351 1.262 2.171 0.951 5.591 1.706 0.356 0.790 0.476 2.415 1.059 5.977 0.891 3.637 
5.136 0.336 1.428 3.961 1.064 3.388 3.423 4.461 4.246 5.121 4.613 0.035 0.864 4.695 2.096 1.908 2.827 0.379 1.487 1.994 0.806 1.071 2.164 1.753 0.093 5.678 2.122 5.352 4.022 0.987 2.373 0.344 1.707 4.797 1.846 2.847 4.345 2.030 5.169 1.971 5.226 1.535 3.589 5.886 0.912 0.174 3.590 1.537 4.864 4.596 0.526 3.573 5.989 1.880 3.775 3.506 1.229 3.929 5.526 - 5.433 3.129 5.389 1.121 3.241 2.367 5.505 2.567 0.724 3.017 1.778 3.378 4.886 5.952 2.210 1.477 4.996 1.025 3.149 0.750 5.007 3.804 2.493 4.313 5.000 0.579 3.582 2.158 1.797 5.901 2.643 2.778 4.423 1.017 0.190 1.169 3.178 4.646 0.816 0.432 
0.209 0.935 5.747 3.567 1.123 1.640 1.338 4.596 1.346 0.837 4.473 0.050 4.432 2.045 2.901 4.286 4.178 5.348 0.810 2.440 0.436 2.822 4.054 1.635 2.903 3.104 2.421 1.396 1.048 0.427 3.636 0.620 4.259 3.662 3.193 2.860 0.664 1.122 4.951 1.101 5.905 4.951 5.701 3.514 2.367 - 2.640 2.941 5.080 5.906 5.833 1.082 4.610 3.624 2.343 5.460 1.828 0.269 4.729 1.352 0.443 3.487 4.090 3.863 4.613 3.061 0.726 3.283 0.838 5.738 1.844 3.747 5.618 0.708 5.489 5.063 5.158 3.718 5.137 4.303 2.525 5.311 4.000 - 5.338 2.061 0.216 4.333 1.103 5.071 1.600 2.531 3.818 5.278 3.634 2.705 0.388 0.335 2.736 0.445 
2.354 5.765 - 1.632 4.317 1.858 4.810 4.851 4.446 2.767 2.666 0.523 2.391 0.501 2.370 4.955 4.834 5.881 0.829 0.661 0.044 3.676 1.477 0.186 0.410 4.172 5.100 2.761 4.797 5.834 0.398 2.183 2.478 5.035 3.946 1.065 3.205 2.572 1.759 4.863 1.759 0.871 3.158 4.707 4.008 2.417 0.055 5.157 5.153 2.993 3.111 1.562 1.405 0.813 0.550 - 1.868 0.578 5.608 3.254 1.822 5.850 4.801 5.432 0.038 3.947 1.276 5.496 1.030 2.812 1.561 3.448 0.446 3.005 4.031 5.465 4.000 4.073 - 1.175 3.465 3.124 2.579 3.357 1.344 2.423 2.031 4.156 2.842 2.282 0.459 0.840 3.711 1.349 1.865 2.465 5.433 2.766 5.626 4.550 
3.519 2.240 0.048 2.331 - 0.859 1.830 1.079 1.803 0.477 5.326 1.399 0.113 3.709 0.305 2.062 4.719 5.571 1.821 3.091 0.560 0.916 2.562 3.783 3.171 0.929 0.280 0.402 0.414 1.609 0.848 3.373 1.301 3.842 2.458 1.974 5.021 1.798 3.400 0.101 5.428 5.948 2.725 3.722 5.303 0.986 1.880 5.103 0.757 1.387 4.144 4.776 3.047 2.196 1.355 5.588 2.987 3.957 0.032 3.922 5.980 2.451 1.548 3.427 3.420 4.064 5.468 4.212 0.954 0.280 5.614 3.587 5.706 3.792 2.764 0.939 5.147 0.293 2.174 3.309 5.832 5.874 2.380 1.638 2.622 2.382 5.858 4.483 2.471 1.883 2.278 2.308 1.116 0.603 3.091 1.132 0.310 0.450 2.203 1.522 
5.375 3.449 0.479 5.798 2.892 3.620 3.340 3.498 5.790 5.307 3.684 2.417 5.696 5.646 - 4.196 1.986 1.679 5.185 3.166 5.604 0.228 4.389 0.482 4.371 1.885 4.210 3.618 2.176 4.060 0.839 2.168 3.774 4.119 3.938 4.952 0.359 3.189 1.339 1.905 0.297 0.154 3.671 5.196 4.693 1.768 0.295 5.368 4.613 2.688 4.293 4.114 5.883 2.458 3.602 1.557 2.451 5.233 1.656 2.564 2.256 0.169 2.057 - 0.504 1.993 3.999 2.613 4.059 0.310 - 1.363 3.506 4.657 3.012 4.223 0.123 2.228 3.816 - 1.721 0.532 3.677 1.804 5.866 4.020 3.355 3.208 1.588 1.952 3.486 3.455 1.134 2.397 2.982 3.321 1.755 2.391 5.169 1.180 
4.537 1.889 3.107 - 0.138 3.158 2.062 2.438 4.567 2.498 2.270 5.822 2.100 5.083 5.768 2.623 0.335 3.921 3.287 5.007 2.422 3.495 5.623 2.000 0.927 4.261 1.498 0.887 5.795 2.691 - 3.090 5.934 3.012 0.848 3.438 5.846 4.633 0.303 4.043 5.658 1.570 4.373 1.795 - - 0.730 1.708 3.632 4.851 0.449 2.992 1.537 1.280 1.014 2.832 1.592 0.346 0.815 4.365 1.824 5.945 4.012 4.338 - 0.380 1.850 2.304 2.910 4.644 3.689 1.095 4.736 0.918 0.105 3.533 0.531 4.076 3.498 3.126 4.100 5.692 2.575 0.592 0.775 3.140 4.049 3.670 3.699 1.975 3.707 0.716 3.330 1.735 1.826 3.030 3.382 3.793 4.636 0.769 
1.640 0.429 2.950 2.045 5.411 5.330 3.753 1.236 4.308 3.301 4.312 5.771 5.964 5.021 2.870 2.408 - 5.131 4.899 5.741 0.852 - 1.335 4.614 3.962 5.805 1.513 3.760 0.164 - 3.694 5.701 2.488 5.320 4.450 1.155 - 5.881 1.396 3.924 0.949 5.387 1.981 4.324 0.521 3.569 2.187 5.794 3.354 3.871 1.053 2.332 5.232 5.826 3.963 1.806 4.538 0.727 5.580 0.103 1.500 1.770 - 3.354 2.086 5.617 5.175 0.253 4.270 1.527 3.619 1.634 5.917 2.901 0.712 2.142 0.905 0.124 4.067 4.846 5.507 5.162 4.570 4.175 2.314 5.319 0.469 5.487 0.239 3.952 2.928 2.921 4.282 1.816 1.721 1.059 1.889 5.951 0.985 2.099 
3.467 3.993 4.135 3.072 3.633 2.001 2.211 1.574 0.287 5.339 3.921 2.187 1.901 5.964 2.826 3.268 4.730 3.250 2.939 0.234 0.321 5.154 2.966 - 1.024 0.223 1.906 1.981 1.593 0.100 0.437 5.931 1.675 4.798 4.964 3.332 1.588 2.101 5.531 5.917 2.415 1.903 5.134 0.194 - 4.286 0.163 5.593 2.153 0.458 - 5.154 4.422 2.523 5.086 5.670 4.772 3.283 1.655 5.897 1.447 4.964 3.644 0.598 5.164 3.871 5.284 4.799 0.588 0.555 0.090 4.627 5.347 2.067 4.574 4.620 4.968 2.287 5.932 4.240 0.049 2.233 2.745 4.726 2.890 0.519 1.313 1.149 4.613 0.921 1.812 1.778 4.580 5.157 3.923 5.526 1.605 2.641 1.032 2.300 
1.971 1.755 2.177 2.082 5.170 0.128 2.848 1.681 4.138 2.059 4.868 2.820 - 2.381 4.100 0.630 1.892 3.120 0.732 5.943 3.990 5.178 5.810 3.396 1.438 3.896 0.594 3.048 - 4.535 1.785 3.858 3.479 3.724 4.475 1.869 2.428 1.345 1.383 3.813 3.692 0.206 5.624 2.225 1.889 2.156 0.874 0.911 - 3.063 1.319 5.853 1.953 3.236 0.262 4.258 0.316 0.506 2.705 1.584 1.551 0.258 1.551 4.880 0.678 2.173 1.378 0.759 5.248 1.393 3.972 3.716 3.726 2.205 1.982 1.351 0.521 - 1.137 3.336 1.810 1.492 3.556 0.689 1.517 1.542 4.626 3.042 3.034 1.660 5.861 4.238 3.410 3.572 0.004 2.550 4.798 4.848 4.446 3.352 
