0.000
5.000
2.666 2.836 2.765 4.698 - 4.304 1.469 2.320 - 5.488 0.729 4.172 5.229 4.732 5.910 0.512 3.037 5.402 5.326 5.875 2.001 2.915 - - 0.268 
0.752 3.641 0.404 4.476 2.142 5.293 5.835 5.574 - 5.285 2.223 3.336 4.874 2.829 2.770 5.185 - 2.653 1.765 2.689 0.110 5.501 3.727 4.189 0.083 
1.358 5.922 2.841 - 4.069 4.460 3.131 1.538 0.964 0.562 2.165 3.571 - 5.918 4.216 - 3.857 0.596 1.336 4.775 1.919 5.469 - 4.686 2.138 
2.082 0.778 1.396 2.315 2.313 4.632 4.311 5.851 0.640 5.723 3.203 1.778 5.573 1.272 0.580 5.134 1.958 4.397 3.214 1.758 4.336 0.551 4.168 2.330 3.595 
2.254 - 2.858 1.440 4.761 1.486 4.801 5.912 1.260 1.150 3.947 5.593 4.592 5.568 4.092 3.130 3.545 4.818 2.792 1.970 2.351 4.064 1.792 4.930 4.929 
4.061 0.803 1.004 4.226 3.220 4.783 4.622 4.071 4.527 5.887 5.592 3.683 0.359 0.501 0.635 1.756 1.603 4.561 5.166 5.809 0.781 1.413 4.896 0.773 1.096 
1.704 3.578 5.699 3.684 - 0.709 1.316 5.641 2.569 2.493 0.973 - 1.995 5.944 5.780 4.173 1.729 5.156 1.725 0.986 4.751 4.681 2.006 2.878 1.137 
5.661 4.895 2.263 5.958 3.502 5.364 3.576 4.921 5.843 3.079 3.586 5.809 5.151 3.466 1.461 1.754 1.567 3.206 1.908 1.785 1.196 0.571 5.238 4.063 2.125 
4.635 3.897 4.717 - 1.777 1.587 3.136 4.445 5.511 4.228 5.177 1.181 2.427 2.921 3.237 - 1.095 2.335 2.762 - - 5.228 3.638 4.592 3.701 
3.495 - 1.122 1.451 4.542 2.793 2.376 5.521 5.551 0.184 0.988 5.300 3.738 1.310 0.975 5.660 0.026 1.907 5.081 0.680 2.694 3.870 2.336 3.174 4.201 
