0.000
5.000
2.494 2.226 5.754 2.972 - 1.699 4.124 0.265 4.695 3.836 0.623 2.871 1.838 2.796 2.601 5.193 5.086 3.323 3.726 1.709 2.856 1.173 2.481 5.995 2.970 4.348 0.591 5.309 5.669 5.959 3.455 0.407 5.249 2.119 5.878 5.458 1.191 5.645 3.829 5.848 2.421 0.290 4.590 2.270 2.311 0.981 5.421 5.765 1.146 4.874 4.910 0.381 3.165 4.126 1.295 - 2.756 4.034 2.464 3.213 5.121 1.646 4.862 4.338 4.629 4.057 5.267 0.995 1.131 0.439 0.369 1.095 0.814 1.369 0.134 3.761 3.606 1.170 2.302 1.709 1.807 5.921 0.823 4.041 4.443 3.308 4.714 3.791 4.874 4.773 1.696 1.450 3.374 3.353 5.024 0.205 3.832 2.229 4.150 0.877 
0.425 2.665 4.339 2.615 5.511 2.545 0.140 5.496 3.893 4.894 3.125 4.375 3.387 2.348 5.861 0.844 2.813 0.090 5.347 2.997 1.674 3.619 0.570 4.635 3.364 0.425 2.159 0.628 2.425 4.729 2.789 1.694 1.782 1.667 5.483 1.951 0.985 3.811 0.128 - 3.276 2.514 2.448 0.060 5.775 3.446 0.212 - 5.233 1.668 4.709 0.032 1.663 2.844 1.493 0.275 5.682 1.538 5.005 1.468 2.634 1.176 3.009 0.695 3.471 0.984 2.780 - 4.965 1.201 5.691 1.949 0.122 2.994 4.198 3.489 1.623 3.842 1.312 4.384 2.817 4.688 5.408 2.327 4.087 3.844 0.636 1.015 5.494 4.555 5.367 4.387 1.317 4.189 3.883 5.413 4.489 3.318 0.080 0.118 
4.702 0.324 1.586 2.430 4.303 5.310 1.376 1.898 3.753 0.865 0.518 3.684 2.778 4.727 1.946 4.513 3.065 3.310 2.580 5.840 5.755 3.144 0.507 3.439 0.359 2.476 0.788 4.531 - 1.159 1.090 1.640 3.512 5.105 4.779 1.345 1.539 2.926 0.123 3.282 5.236 0.867 4.064 0.092 0.504 1.916 1.420 4.616 3.545 1.781 1.528 4.305 0.838 0.598 2.161 2.811 4.469 0.444 3.034 4.785 2.010 5.200 4.446 0.258 4.974 4.989 0.449 1.428 4.302 4.194 0.516 1.381 3.550 4.137 4.954 3.138 4.241 0.659 1.217 0.457 3.430 5.278 2.939 5.073 4.718 2.165 4.801 2.488 4.898 1.948 2.356 4.017 0.978 5.328 2.651 0.638 2.648 4.620 2.831 0.138 
0.005 3.264 5.656 0.204 0.401 0.923 3.942 3.033 1.276 1.058 2.523 1.144 1.191 2.534 5.953 1.899 1.053 0.326 0.758 4.527 1.878 3.392 1.904 0.253 5.359 3.936 5.943 1.085 4.272 4.242 4.420 1.155 1.263 2.943 0.272 1.508 0.856 4.469 0.810 3.448 4.434 1.426 - 0.943 1.612 5.962 4.149 5.174 3.700 2.553 4.020 2.100 5.982 1.270 3.936 4.840 1.237 5.411 0.323 2.850 5.284 2.345 1.028 3.194 0.430 3.604 2.461 5.715 0.431 5.635 1.067 3.659 5.032 2.155 0.321 0.154 3.288 0.807 4.114 5.070 4.673 4.741 0.857 2.036 3.495 5.862 5.692 - 1.334 2.769 5.016 2.206 4.099 4.935 1.964 4.339 0.851 5.325 3.709 1.537 
5.265 3.040 0.527 5.785 5.366 1.359 1.476 5.499 2.244 1.540 4.284 4.468 1.719 0.356 1.397 1.281 3.234 5.944 0.013 0.225 3.213 5.719 1.914 2.387 5.716 4.316 0.307 1.516 0.049 0.780 2.414 4.883 3.716 1.667 1.106 4.395 2.971 2.828 3.627 5.948 2.320 1.499 2.370 1.422 2.618 5.803 5.783 1.823 4.821 2.971 0.797 5.837 3.142 2.472 5.639 3.585 5.165 - 5.595 0.475 1.507 4.947 2.132 4.939 1.825 0.479 3.844 4.364 1.356 1.859 3.949 5.741 2.766 2.866 1.455 1.484 - 2.045 3.767 4.472 4.643 3.793 3.269 5.629 5.421 4.059 5.455 0.369 2.876 1.711 1.303 2.857 5.669 2.375 0.004 5.422 0.765 2.009 5.677 0.462 
1.943 5.274 2.066 4.242 4.953 3.285 5.442 1.598 4.939 4.651 2.631 2.427 4.981 4.074 3.115 1.737 5.971 2.516 5.614 2.338 0.698 5.612 0.411 3.249 2.733 4.582 1.881 3.626 2.479 5.656 1.397 0.263 2.050 5.643 2.124 2.151 1.494 0.035 3.184 5.194 - 1.984 3.411 5.965 0.082 5.669 2.254 5.423 0.436 1.860 1.487 5.626 - 1.048 0.131 0.893 4.425 2.197 4.415 5.393 5.180 5.066 0.771 1.891 3.136 3.159 4.652 1.296 0.476 0.601 5.465 5.794 0.570 1.722 0.132 3.622 2.638 4.757 0.625 3.054 0.527 2.923 0.453 4.838 0.711 1.147 1.268 4.185 3.472 4.913 3.752 5.469 1.768 3.133 4.550 3.038 2.498 5.474 3.344 1.958 
3.131 5.624 1.143 0.726 4.035 0.087 2.819 5.967 1.309 5.114 5.593 3.023 0.611 5.520 4.849 2.641 4.504 2.039 1.421 2.462 4.723 4.839 5.624 2.752 0.872 3.803 4.992 2.963 3.561 4.238 2.870 5.021 0.086 3.819 5.477 4.430 1.085 1.300 4.708 0.157 1.044 2.071 2.756 0.834 0.273 5.731 0.691 4.080 4.774 0.758 4.305 1.662 1.510 2.845 0.962 5.877 5.820 0.734 4.742 3.832 5.146 0.264 5.969 4.316 4.855 1.962 3.165 4.648 1.748 5.797 4.593 2.267 2.826 0.678 - 3.893 1.073 1.952 4.116 3.859 4.378 1.495 2.049 4.633 2.267 2.048 0.922 0.706 5.852 4.140 3.767 5.824 1.347 4.389 0.320 1.044 4.608 4.047 2.610 5.314 
3.398 1.113 1.974 - 0.409 3.313 4.897 4.556 0.298 3.617 3.566 5.626 2.543 3.931 3.613 3.985 4.818 - 4.268 4.677 2.001 1.853 3.862 1.995 4.736 1.599 0.653 4.273 4.438 2.760 2.898 5.699 3.754 3.311 3.095 3.849 0.860 1.555 4.500 0.267 2.459 2.792 3.367 1.803 0.086 0.005 5.947 2.422 1.203 1.328 4.989 2.958 0.647 2.864 4.433 1.671 1.299 1.943 3.097 5.565 5.251 5.083 0.459 3.251 0.434 4.829 0.118 2.550 2.488 2.171 1.228 4.245 3.684 0.544 1.008 3.230 3.897 3.314 4.553 5.814 1.058 1.318 5.340 5.200 4.064 4.324 5.314 4.040 1.930 2.291 3.010 3.598 2.884 5.006 1.985 5.300 2.300 0.036 5.836 0.469 
5.666 2.245 5.185 4.817 2.433 2.117 1.938 0.191 1.268 0.487 5.511 2.338 2.367 5.144 2.207 3.253 2.104 2.453 5.286 0.084 2.317 3.160 2.245 4.172 5.229 1.747 4.261 4.938 4.346 6.000 3.105 1.237 4.810 4.415 3.108 2.641 5.531 5.313 2.696 5.206 3.996 4.913 3.641 - 4.820 2.192 4.494 4.961 1.068 4.169 3.674 1.798 0.958 4.146 3.375 5.410 1.819 5.645 5.842 4.552 4.200 0.090 4.628 2.684 3.643 4.785 1.210 3.756 2.009 1.491 1.760 3.121 0.278 0.763 4.037 3.035 0.462 5.312 2.155 2.086 3.680 0.920 5.489 0.079 0.571 5.908 5.195 2.131 2.963 1.784 3.677 2.275 4.228 4.536 0.914 1.536 3.901 4.090 4.826 4.279 
4.771 5.740 5.919 0.673 5.931 4.815 4.384 2.280 1.640 1.695 3.060 3.657 0.722 3.464 0.040 3.772 3.593 4.659 0.870 4.813 4.281 3.718 1.203 1.628 1.558 0.460 0.676 4.518 3.151 2.083 2.990 2.516 0.455 3.743 0.210 0.172 3.260 4.483 2.012 3.933 4.876 4.239 1.040 0.512 1.505 4.760 5.605 1.070 3.910 0.560 2.775 1.690 2.338 5.537 0.367 0.467 5.186 4.563 1.496 0.535 4.173 1.204 0.230 2.597 1.736 2.794 5.384 1.878 1.964 0.324 1.756 1.043 2.749 1.035 3.994 2.365 5.786 4.212 5.883 5.406 2.806 3.490 3.151 0.621 4.749 - 2.830 0.593 5.692 1.615 4.914 1.200 - 5.757 4.364 2.639 4.353 1.131 5.578 5.195 
0.704 0.097 3.238 2.172 5.909 4.508 - 2.393 2.407 1.629 1.548 5.414 3.501 2.191 4.883 0.467 5.121 5.985 3.773 4.587 5.986 0.268 3.346 0.773 5.406 0.974 4.674 5.291 3.501 3.622 5.043 2.508 4.208 0.204 0.313 4.535 0.225 2.286 5.199 5.571 2.978 3.273 3.123 3.134 3.866 2.166 5.292 2.311 5.367 3.218 0.806 0.863 0.096 2.616 3.980 0.330 4.636 2.813 1.617 5.341 0.844 3.217 3.719 0.059 4.426 2.785 4.015 3.089 4.842 3.585 3.851 2.297 2.058 4.548 0.241 4.743 4.326 3.555 0.415 2.453 2.980 5.540 4.822 1.866 5.280 0.564 2.477 1.677 4.536 2.745 4.535 4.328 0.136 0.578 4.243 0.603 2.695 3.479 3.859 4.721 
3.716 2.914 4.882 2.046 5.423 5.747 5.517 2.669 4.198 3.439 3.575 2.329 0.487 2.075 0.160 0.466 2.387 2.989 4.801 5.917 3.978 1.589 4.845 1.722 4.348 3.653 3.190 0.837 2.096 4.526 4.281 3.418 4.140 5.749 - 5.502 0.024 4.431 2.538 0.806 5.361 5.161 5.861 1.935 4.755 4.414 4.039 4.532 5.395 3.252 5.109 1.870 1.572 1.659 4.189 3.988 1.621 1.084 2.811 4.817 2.189 2.651 2.043 2.732 2.377 5.138 - 4.664 4.092 1.069 0.899 1.298 2.928 1.260 4.273 4.916 2.093 - 0.227 2.258 2.236 5.029 5.134 4.149 2.622 2.231 1.830 5.842 5.785 4.276 0.563 4.769 4.786 4.619 0.624 1.978 3.249 0.943 1.865 3.656 
1.268 1.020 5.105 2.787 1.198 2.390 4.858 5.351 1.110 0.738 0.047 1.422 4.205 1.610 4.064 0.176 4.488 0.763 2.434 4.927 5.195 5.172 3.344 0.037 0.309 3.576 2.755 2.840 5.856 5.010 1.881 1.681 0.631 4.762 2.138 2.252 3.232 1.841 5.203 0.158 3.591 2.416 1.525 0.091 2.778 1.680 3.519 5.117 2.591 2.380 3.779 1.400 4.358 3.598 3.883 4.205 0.505 4.520 5.868 0.188 4.735 0.692 4.055 0.898 1.184 4.744 1.769 2.947 1.539 5.718 1.495 3.595 0.038 0.995 0.255 2.412 3.268 0.356 0.348 0.322 2.953 4.908 3.200 2.663 3.329 2.569 4.855 2.873 2.337 2.350 5.556 0.143 3.649 4.004 1.063 5.726 2.551 5.557 1.648 0.680 
4.913 2.244 0.571 2.511 5.075 1.943 4.104 5.681 3.546 - 2.788 0.721 3.220 5.926 3.544 5.243 2.472 1.872 5.704 - 0.255 4.253 5.984 2.331 5.803 0.109 1.975 4.848 4.019 0.805 4.174 2.119 0.769 3.056 2.921 1.180 3.191 4.814 5.474 5.195 2.610 0.001 0.148 3.113 1.929 4.694 2.718 0.795 3.247 5.113 1.307 4.171 5.060 2.730 1.693 3.804 1.692 1.967 3.306 5.220 0.573 5.280 5.303 0.526 1.656 2.953 1.828 0.239 5.587 2.625 0.020 5.762 1.318 0.484 5.481 2.711 3.534 4.130 3.693 3.213 1.717 2.395 0.423 5.412 3.747 3.853 - 4.725 1.724 3.422 4.787 1.878 0.187 5.256 4.835 3.421 3.059 4.186 5.755 1.317 
2.310 4.544 5.609 0.242 4.066 4.632 5.306 0.732 2.425 1.737 2.596 1.595 1.476 5.837 3.841 5.239 5.615 1.218 3.945 5.638 2.743 1.688 3.669 1.439 5.160 1.561 1.871 0.389 1.868 0.263 0.826 5.834 1.055 0.346 0.900 4.868 2.235 5.747 5.708 0.571 5.964 - 0.351 3.929 1.106 3.003 3.542 2.325 3.450 3.496 5.318 4.956 0.939 4.437 1.581 - 1.925 3.251 2.981 4.192 5.728 1.296 4.611 2.510 5.308 4.244 4.575 5.974 4.078 5.055 1.856 2.404 4.818 3.616 2.875 - 2.218 0.033 - 2.646 1.895 0.739 2.509 4.467 3.685 1.897 3.458 5.781 - 5.118 5.948 0.132 1.861 4.191 2.354 2.279 2.071 2.464 1.508 0.454 
1.195 0.699 1.636 3.726 2.776 0.902 3.903 4.218 3.737 5.020 0.997 4.128 3.043 1.936 1.222 2.529 5.627 5.700 2.126 5.933 3.271 3.459 4.052 2.304 4.526 3.496 3.928 0.510 0.692 4.386 5.328 1.099 0.850 3.844 1.449 4.255 3.644 1.676 1.928 1.932 4.891 3.217 2.397 3.487 4.172 3.828 3.351 3.678 4.291 5.384 4.221 0.570 2.967 0.236 1.624 0.826 4.218 0.874 5.453 4.904 1.738 0.442 0.887 4.988 2.076 0.385 0.531 5.922 - 0.785 2.625 0.053 0.083 4.447 4.806 2.757 1.516 1.500 0.005 2.399 4.556 3.078 1.951 4.722 0.551 0.770 0.282 3.049 4.232 4.730 1.475 2.244 4.727 1.754 5.732 2.181 5.478 5.294 5.562 5.412 
5.069 5.870 5.700 1.430 3.943 2.781 4.821 1.152 4.820 0.489 3.811 3.996 3.004 0.582 5.249 4.790 5.605 5.641 - 2.865 0.854 3.981 3.500 2.902 3.786 2.042 1.211 3.881 1.553 1.553 0.703 0.040 4.457 0.229 1.955 2.244 1.219 3.590 4.647 - 3.218 1.524 2.146 4.085 0.219 0.423 2.524 0.696 - 0.115 - 5.525 1.154 2.385 1.146 1.270 1.364 2.688 1.658 1.958 1.865 0.568 3.195 5.136 3.320 1.482 1.945 5.871 0.137 1.035 5.610 3.812 5.990 0.178 5.781 4.937 4.356 4.609 5.688 0.157 3.221 1.518 1.974 3.685 3.790 3.921 1.994 5.020 3.507 5.056 3.605 5.498 3.728 4.834 2.653 3.666 0.231 4.924 2.198 3.230 
3.042 1.988 0.199 0.375 3.093 1.017 2.213 0.713 0.632 0.588 0.841 0.672 4.134 5.097 0.570 - - 5.920 1.801 5.269 3.135 4.972 2.358 4.016 1.742 0.729 3.715 4.234 4.620 3.628 3.534 4.676 2.941 1.526 5.486 1.198 2.428 2.367 0.873 1.686 1.659 0.283 4.295 4.357 - 5.231 5.564 5.767 1.709 4.732 2.151 0.027 4.420 5.498 2.776 1.459 5.454 4.592 3.232 3.435 2.241 4.352 4.215 4.280 2.754 4.564 5.795 0.986 0.273 5.292 0.213 1.015 1.420 2.434 5.941 1.690 3.951 1.376 3.352 3.592 3.581 2.108 1.986 2.978 1.056 3.894 5.162 4.516 1.855 2.931 1.735 1.616 1.218 0.534 4.905 1.305 4.729 4.110 0.416 1.912 
- 4.595 0.553 4.952 4.967 0.714 4.960 0.563 0.983 4.230 2.549 0.057 5.588 2.501 1.790 3.018 2.460 1.536 4.265 5.175 2.464 0.168 3.178 5.651 1.307 2.940 1.342 0.426 5.180 1.738 0.689 0.379 1.167 5.804 5.572 2.510 3.744 0.115 4.565 4.852 2.476 - 4.062 1.176 4.994 0.207 1.813 2.886 3.446 4.893 5.486 2.480 1.999 4.246 4.560 3.594 3.435 2.023 3.185 5.034 0.633 0.877 1.219 4.182 1.619 1.384 4.395 0.958 0.934 - 2.474 2.859 - 1.584 0.380 4.748 0.435 5.813 3.615 5.837 0.097 5.740 5.723 0.764 4.077 2.497 4.254 3.868 4.387 2.451 2.583 1.562 2.889 - 5.920 3.293 0.624 3.248 5.160 2.768 
5.154 5.710 0.519 4.893 4.661 2.591 2.746 0.115 4.497 4.524 5.819 0.627 0.364 1.248 5.082 2.867 1.118 3.936 1.218 4.032 0.208 4.860 4.485 1.700 5.031 3.432 5.860 0.020 5.405 3.272 0.956 3.815 1.498 5.040 4.053 0.166 0.843 3.586 0.220 3.911 1.565 1.413 - 1.058 2.621 1.635 4.903 4.391 3.725 4.444 4.527 4.448 5.665 3.658 2.787 0.736 3.990 2.115 3.241 2.307 5.444 4.627 0.533 3.881 1.145 2.783 2.299 5.355 5.331 5.180 2.782 4.931 5.455 3.639 5.399 3.173 0.606 0.639 0.013 5.048 0.602 3.517 2.370 3.452 3.638 3.057 0.082 0.852 2.122 - 1.587 5.498 2.269 2.763 1.815 3.165 3.114 4.570 0.728 4.557 
0.438 1.505 0.862 0.492 5.048 5.475 5.666 1.176 1.697 4.628 4.992 5.452 4.305 4.341 1.474 1.088 1.341 4.400 4.908 5.679 5.894 3.940 1.734 2.266 3.632 1.868 5.640 0.281 3.105 1.907 2.971 1.560 0.207 5.397 4.590 5.518 0.701 3.183 5.497 5.073 5.458 0.268 0.889 3.637 0.503 3.455 4.333 3.380 4.101 2.976 4.509 0.063 3.912 1.989 5.323 5.991 2.788 2.981 0.361 4.119 1.936 3.377 4.385 4.974 1.082 4.196 4.075 1.897 2.826 5.211 1.379 3.125 4.639 1.990 5.681 3.450 4.890 0.222 1.528 - 0.932 2.964 0.899 1.937 3.583 4.901 0.880 3.303 5.352 4.293 5.253 1.884 3.454 2.120 1.746 4.258 5.024 0.890 1.709 5.198 
3.600 3.803 1.166 0.177 2.064 1.085 2.272 5.051 0.377 5.066 4.344 1.732 1.784 1.525 1.538 1.081 4.657 5.789 0.437 2.580 5.508 3.451 0.895 0.945 0.666 3.506 2.665 0.421 1.922 0.274 5.605 0.616 5.580 2.456 0.508 4.537 2.232 4.913 5.532 0.616 0.084 3.136 1.857 5.682 5.918 5.966 1.500 1.334 0.639 4.886 0.226 1.712 5.011 2.185 5.195 2.537 1.431 5.410 0.363 3.228 1.578 3.892 2.701 4.097 1.454 0.622 3.106 5.016 2.643 5.483 5.249 0.451 3.697 1.729 1.804 0.547 0.249 0.687 0.273 4.839 0.879 3.941 2.149 4.313 5.866 5.698 1.353 2.810 5.714 4.701 0.752 0.278 5.871 2.861 1.136 0.054 5.153 2.849 3.301 0.209 
- 4.809 1.058 - 1.608 2.634 1.167 0.564 2.290 5.233 2.621 5.333 3.783 0.565 4.928 1.409 2.105 2.297 3.749 0.785 1.093 2.797 5.610 3.722 1.670 2.598 4.959 4.991 3.017 1.761 3.275 4.504 0.494 3.022 1.498 4.307 2.050 5.715 0.785 3.642 4.930 5.318 0.528 5.192 1.792 5.935 2.683 0.738 5.776 2.248 3.769 5.216 1.729 3.345 0.367 4.674 5.610 3.397 0.655 3.745 2.147 1.411 1.347 2.151 3.992 2.237 0.498 5.252 4.046 5.635 5.831 0.892 0.194 3.518 1.704 5.720 4.466 5.501 3.445 0.730 2.597 3.586 1.556 2.093 1.118 0.178 4.336 5.291 5.411 3.702 1.581 0.245 3.730 4.855 0.443 2.485 2.860 5.958 1.044 4.416 
5.505 4.487 2.866 2.567 2.581 5.490 3.465 5.487 1.562 4.724 3.217 1.423 5.723 4.586 2.566 4.982 5.052 5.371 0.282 3.499 2.454 4.539 1.312 5.881 5.372 5.139 5.957 4.485 3.952 0.871 0.778 1.073 3.099 3.908 5.928 2.278 1.680 1.305 2.666 4.650 5.737 4.837 4.435 2.155 3.846 5.214 1.320 1.988 5.750 4.985 4.746 5.716 0.051 4.949 3.036 4.189 1.077 2.587 0.894 0.132 5.111 1.972 5.009 2.146 5.864 2.632 3.792 1.720 4.495 2.175 5.759 1.002 0.600 3.898 0.291 5.364 3.339 4.282 0.346 5.291 0.386 0.081 3.285 4.810 4.518 2.753 5.249 0.519 1.532 5.185 4.425 4.358 0.704 4.060 3.208 2.471 0.211 0.795 2.559 3.972 
2.754 5.888 1.005 2.362 4.405 0.455 1.331 5.432 3.216 1.693 4.620 5.567 3.445 1.909 1.852 - 0.487 1.566 3.556 1.109 5.140 0.824 5.193 5.053 3.078 1.110 0.716 3.919 3.867 3.335 4.280 5.541 2.160 2.870 3.173 5.622 5.152 5.580 4.363 0.410 - 4.112 0.531 5.403 0.955 1.190 5.135 2.000 2.240 0.924 5.933 4.890 2.393 4.094 4.430 1.458 5.341 0.991 2.961 4.776 3.541 1.719 5.539 5.592 1.536 2.871 3.235 0.387 3.479 1.174 - 5.826 5.256 3.105 - 4.900 5.212 2.502 4.395 4.743 5.979 4.009 2.141 4.437 1.623 4.585 1.222 5.154 5.228 2.468 1.980 2.733 - 0.794 5.259 0.166 3.125 1.578 0.798 2.596 
