0.000
5.000
4.955 4.740 1.843 5.655 4.220 1.303 4.124 4.921 4.247 3.419 0.020 1.888 - - 5.230 4.945 3.346 2.675 0.898 0.674 3.081 2.034 0.393 3.399 2.010 0.370 5.819 5.729 3.666 5.027 1.712 3.127 3.876 4.851 0.840 0.019 5.762 4.323 5.139 5.758 4.569 1.526 5.648 3.639 - 1.825 2.798 1.312 3.416 4.597 4.620 - 4.663 0.997 1.302 3.168 1.473 4.561 2.103 4.889 5.688 3.489 0.894 0.167 4.071 1.663 1.508 2.347 5.692 2.822 5.764 5.120 5.606 4.932 3.297 1.003 3.524 5.552 5.359 2.503 1.765 3.941 4.457 0.779 0.084 3.808 0.036 1.598 3.916 5.962 1.542 3.548 3.275 4.588 1.890 0.867 1.860 - 0.867 4.757 
4.946 2.249 5.578 3.961 1.552 0.213 4.789 3.966 5.753 5.807 2.821 3.866 1.328 1.640 2.202 0.807 4.899 2.448 3.753 0.282 2.463 0.660 0.720 0.166 4.304 1.988 1.420 5.907 2.744 5.358 0.263 0.743 2.457 0.896 5.951 1.583 5.123 3.337 0.241 1.151 2.843 3.977 0.938 2.142 2.170 4.345 2.790 - 0.629 4.881 5.575 2.196 0.389 0.315 2.062 5.500 5.189 1.990 3.528 4.799 4.724 4.091 3.276 5.427 1.560 1.689 4.974 1.344 5.107 5.623 2.753 3.946 1.411 4.541 5.802 0.626 2.374 3.894 5.634 4.587 5.612 1.409 5.408 2.445 4.382 4.354 3.496 4.336 1.988 2.030 0.059 4.667 2.672 5.138 3.586 0.226 3.346 0.068 2.292 2.125 
4.862 5.030 0.360 2.179 0.288 3.266 4.618 2.140 3.579 2.711 5.398 4.099 0.711 1.945 4.522 2.962 4.611 3.783 4.882 2.289 5.943 5.262 2.689 0.605 4.224 2.218 5.258 5.152 0.203 3.835 0.459 - 1.522 3.067 5.176 3.348 2.491 0.414 4.003 0.643 1.257 3.420 3.946 4.238 5.826 4.239 4.184 3.402 2.237 2.872 1.879 2.963 1.740 2.022 1.639 - 3.022 1.139 3.582 4.205 2.487 1.977 4.932 4.750 4.135 1.959 0.794 0.132 4.930 2.769 3.104 0.205 5.484 1.953 2.862 - 3.557 4.809 5.464 2.924 - 4.569 4.431 2.859 5.607 - 2.947 1.461 1.756 4.769 3.431 0.616 2.745 1.718 0.886 0.536 2.067 5.607 3.961 5.590 
0.145 4.977 0.257 5.899 2.109 5.176 2.712 5.273 4.549 - 2.753 3.889 3.906 3.655 4.789 1.809 0.244 5.369 4.226 3.458 4.959 0.285 3.671 2.163 - 0.607 - 3.784 4.944 3.670 0.646 4.068 2.418 4.793 4.410 2.830 - 2.121 5.898 3.826 5.415 2.722 2.401 4.048 2.475 4.954 1.228 4.265 4.770 0.023 5.170 1.896 5.642 1.802 0.809 3.786 1.693 2.243 0.669 2.064 2.679 4.235 4.699 5.130 2.679 4.436 0.716 1.821 2.790 5.445 1.312 0.020 5.505 1.772 0.243 1.368 5.586 1.277 2.558 1.325 3.562 3.182 3.634 4.599 1.958 1.383 0.872 3.900 3.109 1.582 2.119 5.176 0.729 2.762 2.832 2.739 1.533 5.682 - 3.306 
2.401 4.121 2.947 5.769 - 4.745 4.962 0.473 3.830 4.070 1.640 3.480 0.303 1.949 3.006 5.086 2.130 3.201 5.333 5.832 5.226 4.419 5.934 1.377 4.669 4.751 4.946 3.570 1.732 2.770 2.881 2.507 2.888 0.933 2.339 2.585 - 5.722 2.599 2.017 5.958 5.321 2.806 1.861 1.617 5.651 1.176 5.437 3.175 - 2.019 5.995 4.125 4.641 5.430 3.662 4.550 4.976 0.285 4.074 2.901 3.202 1.597 0.647 4.563 4.466 0.427 4.178 5.110 - 0.373 5.408 3.542 0.934 1.140 4.275 1.926 4.756 2.920 1.892 0.617 0.294 5.160 3.803 4.733 3.958 3.897 1.700 5.720 3.970 3.063 5.688 1.664 2.539 5.123 4.223 5.594 0.619 3.054 2.085 
1.635 4.570 4.611 0.955 0.301 3.906 4.133 - 2.330 1.024 1.352 3.610 - 4.782 4.899 5.717 4.211 2.548 0.402 4.784 5.402 0.609 4.541 5.413 1.217 5.052 - 5.982 0.195 1.735 3.803 4.280 2.358 1.441 4.562 4.568 5.366 0.538 1.612 5.341 2.606 0.329 3.315 4.566 1.764 3.844 3.635 4.300 1.483 1.085 3.901 3.481 3.894 2.680 4.414 0.178 2.207 1.539 1.643 4.858 5.156 4.401 3.116 0.096 3.817 2.198 0.786 5.787 5.331 1.821 0.407 4.180 0.169 2.295 1.479 0.061 2.934 1.393 3.481 0.030 1.199 2.513 1.482 3.209 4.608 0.060 1.769 3.731 3.350 0.723 5.881 5.093 3.194 5.838 3.347 5.859 5.575 4.561 3.570 3.314 
0.791 2.194 2.785 2.101 3.319 4.029 0.925 0.356 0.210 2.101 3.461 0.924 3.134 5.684 4.738 4.057 5.413 2.206 1.679 4.519 0.683 2.664 0.560 0.211 0.606 2.204 2.988 3.553 3.006 1.054 4.955 2.081 2.911 0.409 4.864 2.632 1.332 3.886 2.604 3.198 0.133 1.973 0.088 5.860 2.060 0.313 0.266 5.243 2.868 0.787 0.308 3.672 5.608 3.212 3.638 0.622 1.371 0.931 2.569 0.134 0.272 3.805 2.620 3.682 3.077 0.981 3.074 1.438 3.750 1.369 4.018 4.033 4.165 4.034 1.960 1.795 0.483 3.647 2.203 4.936 2.077 3.763 4.347 4.434 2.446 3.020 1.759 5.221 1.383 - 0.454 2.927 0.560 1.036 3.621 0.691 2.892 5.663 5.036 5.538 
5.762 4.477 3.400 4.400 3.929 0.825 3.013 2.947 4.911 3.305 4.992 1.733 4.969 4.185 0.550 3.819 5.366 2.132 4.274 1.079 2.061 2.571 3.082 1.236 0.392 5.113 5.454 3.473 4.671 0.082 0.026 5.134 1.248 4.368 0.651 1.325 4.518 2.636 0.277 3.142 4.356 1.496 0.345 0.898 4.729 3.444 0.026 4.027 4.646 4.305 0.366 1.364 4.245 2.494 0.384 2.182 2.586 2.726 1.304 3.750 5.740 4.749 5.440 3.248 1.931 1.355 5.766 4.628 2.831 3.276 4.928 0.450 2.715 1.593 4.345 2.869 5.851 3.021 1.115 2.736 1.502 1.855 4.737 1.319 4.963 - 3.101 1.310 0.424 1.787 - 4.702 4.879 5.638 3.138 2.634 4.030 3.974 2.446 4.622 
5.491 2.469 2.077 0.866 3.966 0.018 2.659 3.075 5.206 1.028 5.889 0.791 2.568 2.434 1.448 - 1.579 1.550 5.242 2.386 5.460 0.135 2.673 0.182 0.658 4.759 4.240 0.564 2.542 1.931 0.164 3.657 1.904 2.009 0.787 3.144 2.020 1.651 1.182 4.561 5.849 4.484 3.849 5.326 3.437 1.800 2.463 4.809 0.833 - 2.433 0.389 1.632 1.005 4.493 2.289 2.903 2.044 5.726 5.987 0.470 3.043 4.254 4.215 2.457 4.729 5.373 2.969 4.679 4.707 4.143 5.504 2.725 3.772 - 3.103 1.625 5.291 4.270 5.323 0.673 2.926 4.311 1.606 0.355 3.974 0.848 4.454 2.405 1.753 5.149 3.885 4.766 0.858 2.901 5.632 4.670 5.631 3.263 5.381 
1.532 1.408 5.453 2.913 4.383 3.886 1.054 2.311 4.814 2.205 2.142 3.430 0.848 5.548 2.503 1.084 2.394 2.420 5.453 3.561 0.994 3.570 2.029 3.270 1.925 3.423 5.114 4.859 1.793 5.778 3.605 3.672 3.091 1.997 0.633 5.145 4.194 0.474 1.422 4.697 0.958 3.026 5.718 3.853 0.466 4.796 4.625 3.629 4.532 5.466 0.394 0.761 2.350 2.929 4.052 4.052 2.082 2.115 5.777 5.017 0.343 1.439 2.668 3.078 4.342 5.210 1.973 0.856 3.949 4.517 - 3.528 4.154 3.373 5.063 3.909 2.247 1.384 5.686 5.713 4.658 2.930 2.623 1.494 3.591 5.649 3.146 0.966 5.595 2.126 0.753 3.798 2.793 1.888 1.084 2.570 0.831 0.256 5.074 2.340 
4.032 1.234 5.664 1.245 5.644 5.621 5.974 1.113 - 3.763 2.023 2.686 1.269 5.353 2.459 0.326 0.019 3.070 3.128 4.876 4.153 4.165 2.908 5.037 1.241 5.182 2.703 3.859 3.368 3.193 0.469 0.156 5.760 0.381 1.332 0.010 5.082 5.443 0.720 4.955 0.903 1.143 4.037 1.173 5.027 2.332 4.614 3.844 0.184 1.002 4.667 0.890 2.158 2.297 1.584 0.555 5.635 4.012 4.187 3.729 1.956 5.884 2.657 4.500 0.583 5.927 3.442 3.251 1.355 1.201 0.904 5.593 1.586 1.780 2.500 5.619 2.739 1.142 0.057 1.293 1.730 5.982 4.141 1.397 3.974 1.281 1.650 3.147 5.012 0.603 2.593 5.541 2.940 2.824 4.495 5.620 5.011 - 0.092 5.117 
3.456 2.552 5.301 5.350 3.763 3.476 5.034 1.061 1.373 2.592 0.317 5.529 5.430 4.297 2.303 4.175 3.349 4.020 0.821 0.798 3.407 4.260 0.932 5.082 0.276 3.598 2.049 0.052 0.173 1.886 0.864 2.804 0.256 0.734 3.658 3.900 1.083 0.126 1.114 3.598 3.317 3.325 3.412 2.485 4.422 1.265 3.347 0.266 3.809 0.353 0.239 5.235 5.849 0.022 5.704 4.492 3.270 0.467 1.809 1.134 0.748 2.789 0.781 1.560 0.025 3.248 3.265 1.580 5.516 0.476 5.160 4.264 1.292 5.374 1.269 1.444 0.311 3.923 5.383 0.371 3.077 1.395 1.017 1.389 3.279 0.340 0.783 3.454 4.616 0.329 5.347 2.053 1.788 2.735 1.049 4.440 - 2.787 0.622 2.174 
5.945 0.712 2.320 4.847 3.501 4.244 1.137 5.180 2.064 5.087 4.893 0.372 0.280 2.780 2.968 4.662 1.025 4.523 0.194 3.003 1.922 3.796 1.200 3.143 1.014 1.880 4.924 2.518 - 5.563 4.640 2.928 1.053 5.573 3.684 5.782 5.830 4.237 0.139 4.267 0.916 1.456 4.971 1.994 4.003 5.459 5.523 0.611 5.070 2.767 5.920 5.444 4.222 0.487 3.708 2.546 2.556 5.481 0.057 0.482 5.324 4.964 1.038 5.856 4.196 1.892 - 4.925 2.096 1.908 4.361 0.696 4.035 2.772 3.290 1.604 0.390 3.996 0.863 - 3.408 1.936 1.401 5.255 1.119 1.748 2.198 3.299 3.533 4.555 2.736 5.484 3.797 3.672 5.918 2.805 0.033 2.047 2.845 1.997 
2.277 5.882 5.876 1.821 0.755 2.970 1.690 0.238 5.948 2.145 1.101 5.716 1.923 2.569 2.568 1.794 4.724 2.185 0.652 0.496 4.038 3.298 0.895 0.820 2.491 0.183 4.236 5.466 0.936 0.061 1.732 1.293 0.955 3.989 4.096 0.693 3.902 5.959 0.468 2.525 5.087 1.051 1.002 4.304 4.140 2.672 2.082 4.161 0.273 4.771 3.542 3.550 5.958 5.510 5.898 5.847 0.579 4.137 2.475 3.821 2.835 0.703 2.369 2.525 5.027 0.957 3.437 5.335 4.007 0.030 5.894 1.821 0.278 2.529 4.768 0.710 4.728 3.375 5.213 1.480 5.629 1.087 0.720 4.135 4.842 3.274 2.388 4.319 1.712 2.868 1.843 4.340 1.837 5.070 0.897 5.646 5.796 3.110 5.801 5.082 
1.733 2.874 3.618 0.099 2.850 3.402 0.367 0.852 5.957 4.999 0.495 2.994 2.835 4.119 3.093 1.484 3.593 - 0.243 4.522 1.380 0.861 1.363 4.962 0.029 2.859 3.461 5.099 0.535 5.287 0.136 0.442 2.586 3.997 2.082 1.820 2.363 4.416 1.467 4.139 5.526 1.887 1.814 2.263 2.691 2.825 0.018 - 3.748 3.189 5.778 3.183 3.156 4.193 0.065 0.884 2.768 2.697 2.311 4.999 3.888 3.478 1.704 5.909 0.067 0.512 1.388 2.471 0.664 2.485 1.485 2.435 4.381 0.086 3.624 1.469 5.864 3.118 0.149 0.014 5.038 2.116 3.323 5.227 0.081 0.068 - 0.436 2.916 4.848 - 4.985 4.696 - 3.657 4.873 0.106 4.800 2.556 5.414 
0.899 2.725 3.148 - 4.768 5.192 4.021 0.707 5.102 2.859 5.871 5.185 2.499 0.616 2.149 4.352 4.414 0.657 3.157 3.967 3.664 1.081 3.074 4.347 3.782 4.407 5.856 2.802 4.207 5.573 3.800 0.660 4.109 5.670 5.472 4.258 3.097 3.463 3.252 2.963 0.244 5.783 1.002 3.126 5.693 4.094 1.316 4.944 3.657 1.926 1.443 1.445 1.847 0.438 3.272 1.225 2.274 5.174 3.806 5.196 5.963 0.003 0.213 0.405 5.427 2.410 1.955 4.954 1.696 5.611 5.528 1.267 5.370 3.512 5.136 4.273 1.528 4.215 1.048 2.657 0.334 4.704 4.508 5.065 0.927 5.385 1.924 5.059 3.588 0.474 1.516 4.761 4.282 4.634 0.838 5.402 0.441 3.961 3.456 1.510 
3.621 0.110 2.675 1.192 1.051 5.215 2.421 1.508 3.872 0.921 3.350 0.097 4.383 5.646 1.864 4.784 3.664 3.509 2.457 0.670 5.013 0.438 5.370 3.245 2.916 0.412 5.360 2.193 3.632 1.219 5.491 4.246 1.524 5.309 5.515 2.918 4.065 3.661 1.748 3.690 5.831 3.161 0.398 3.102 1.984 4.714 1.010 1.292 2.528 0.237 1.127 - - 1.809 1.343 3.867 2.571 1.551 3.725 5.276 1.484 0.289 0.053 1.273 1.191 2.742 5.487 - 0.968 2.855 2.121 3.173 1.597 0.901 1.418 4.796 0.414 4.293 0.753 4.252 5.446 0.387 5.194 3.119 2.242 4.256 5.250 5.044 0.676 3.148 2.618 - 1.416 4.377 0.907 1.018 2.774 4.565 5.017 0.049 
5.359 5.560 4.032 5.765 4.186 3.665 0.064 3.229 - 2.934 2.226 5.329 1.626 3.595 5.582 - 4.085 0.370 3.317 2.784 2.633 0.740 4.523 0.365 0.938 3.442 1.257 1.013 3.092 2.749 2.697 5.572 2.547 5.639 4.631 5.419 0.769 2.145 2.071 3.060 4.282 0.140 5.572 0.770 0.390 0.354 3.813 5.162 - 3.769 4.092 2.949 3.229 1.452 0.778 3.237 3.252 2.591 1.254 2.433 2.995 5.841 5.585 3.305 5.876 0.095 2.077 1.855 5.272 5.570 5.939 2.486 5.988 2.451 4.558 3.462 5.307 2.503 4.343 2.822 4.911 4.774 0.735 1.830 4.401 0.055 0.846 4.582 4.851 1.875 5.160 2.653 2.688 4.694 0.982 0.625 2.247 0.455 1.707 5.947 
0.490 5.194 1.100 1.507 0.588 1.035 2.311 3.718 1.506 0.717 1.055 1.959 2.985 0.070 1.498 5.755 3.258 0.868 2.451 2.229 1.760 2.662 3.860 0.577 1.659 4.285 2.409 1.770 1.471 5.012 4.322 0.563 2.952 2.711 0.692 5.394 4.554 1.482 5.149 4.947 0.055 4.016 - 4.031 4.452 0.421 4.342 0.010 5.899 3.390 2.786 4.251 3.305 3.462 0.420 1.024 4.302 5.658 5.813 2.902 5.495 3.979 1.212 3.033 4.369 5.195 0.981 2.676 5.801 1.938 1.829 3.046 1.975 5.385 0.189 3.955 4.450 3.835 0.455 5.742 1.330 5.091 1.315 5.776 4.837 1.945 2.098 4.269 5.161 1.105 2.983 2.226 5.173 - 3.972 1.218 3.536 3.027 5.831 4.143 
4.358 4.843 4.539 2.179 3.414 1.837 2.734 4.511 5.228 3.956 0.537 5.506 - 2.696 - 5.073 4.162 0.114 3.078 4.612 1.234 4.826 2.768 5.096 2.829 4.528 4.603 4.891 1.505 3.362 4.686 2.378 0.896 3.238 - 2.589 3.910 1.218 2.636 0.418 4.868 4.261 3.794 3.460 2.442 3.967 2.167 5.270 4.720 5.531 0.909 0.717 4.827 2.853 1.848 1.186 1.387 3.668 3.678 2.668 4.570 0.698 5.165 2.222 - 3.096 0.838 3.948 2.320 4.985 5.048 2.442 0.922 4.532 4.509 5.728 1.366 3.888 1.224 2.867 4.242 1.375 1.268 5.827 5.621 2.522 4.128 0.831 2.703 2.010 2.189 1.090 1.917 0.180 4.570 2.875 5.753 1.556 3.813 3.960 
3.497 4.633 0.711 0.764 2.642 2.300 4.924 1.800 4.122 3.684 5.749 0.252 4.064 3.990 4.875 1.307 4.599 1.576 1.077 4.708 4.623 2.374 0.241 4.313 4.150 0.950 - 4.891 1.261 4.995 3.562 3.966 1.824 1.085 5.270 0.375 3.017 - 5.971 1.251 4.196 1.428 4.162 5.405 0.905 0.875 3.776 1.486 1.723 2.606 4.210 1.925 1.235 1.336 2.524 2.463 1.718 0.802 1.039 4.073 1.097 1.040 0.642 1.232 3.390 - 5.865 3.896 2.209 2.255 4.219 0.066 5.926 1.297 3.433 1.569 4.840 2.326 0.043 5.628 4.067 4.788 3.285 0.885 3.030 0.714 1.450 4.859 5.141 1.404 5.721 2.303 3.807 0.996 1.101 4.614 1.015 0.618 5.279 - 
3.818 0.060 5.348 2.646 5.699 1.568 2.436 4.661 5.427 0.752 4.214 3.365 1.055 2.226 5.954 1.009 2.593 4.672 1.954 2.796 0.395 5.111 3.777 0.020 4.827 3.677 2.281 3.922 4.531 5.977 4.688 0.945 0.500 0.268 0.646 2.833 4.238 3.491 4.215 3.389 0.593 1.726 5.769 1.851 3.251 0.791 3.154 2.590 5.599 5.625 4.910 0.340 3.419 2.650 0.032 1.314 0.971 3.542 2.651 5.421 4.174 5.827 4.020 3.318 4.026 1.312 0.459 4.293 3.967 5.686 2.341 2.831 0.688 1.662 1.802 3.375 4.800 1.673 3.669 4.032 1.984 4.558 3.098 0.981 4.524 3.737 4.566 3.978 1.678 4.095 4.267 1.734 5.041 1.287 3.467 5.935 1.950 4.279 2.158 2.441 
1.754 2.243 5.588 5.517 5.533 3.625 0.622 3.557 1.359 2.860 2.081 - 5.245 0.529 0.423 1.575 4.176 2.166 3.346 4.572 3.228 0.434 4.111 5.545 3.054 1.314 2.696 1.888 4.395 4.275 2.869 2.732 5.510 5.868 1.124 4.855 0.505 3.767 0.096 2.994 3.162 0.088 1.280 4.981 4.309 0.832 5.928 4.477 0.795 0.438 2.591 5.595 0.930 4.823 3.189 2.404 0.644 - 4.470 0.211 0.819 - 0.484 4.607 0.979 - 2.093 4.515 2.120 - 1.640 0.954 3.580 4.066 2.688 5.884 1.775 2.294 4.214 3.302 2.186 2.540 1.809 1.824 4.213 1.876 3.274 4.148 3.507 4.400 4.554 0.239 1.955 0.943 2.163 3.614 1.881 4.059 4.178 5.917 
0.080 1.135 1.125 0.393 2.851 3.924 4.944 5.401 0.603 1.789 3.545 0.726 4.104 4.127 5.640 3.054 5.631 1.936 - 2.461 2.894 3.355 - 4.412 1.424 5.156 0.879 1.101 2.649 0.705 0.892 0.480 1.663 0.622 4.847 3.841 1.157 5.147 1.410 5.445 2.167 1.291 4.770 0.603 2.125 3.012 5.705 3.637 0.233 5.099 2.495 2.409 5.423 2.994 2.790 1.517 3.069 5.570 1.570 3.879 3.199 3.840 5.014 0.243 5.281 5.728 5.488 4.114 4.593 1.340 0.911 5.821 0.869 2.723 - 5.749 - 2.802 4.644 3.376 0.693 2.057 1.634 3.445 5.402 0.635 3.134 3.559 3.881 1.809 4.858 4.592 1.530 2.197 5.439 0.611 5.125 2.774 2.210 0.496 
5.887 3.251 5.830 1.184 2.334 4.794 1.984 4.611 1.860 2.060 3.611 2.036 4.201 1.064 1.595 3.992 1.405 1.315 0.489 3.512 5.314 4.586 3.798 5.941 5.962 0.841 2.613 2.310 2.193 5.183 5.612 3.035 0.308 1.449 5.848 5.090 - 4.500 3.261 3.810 1.973 4.421 5.623 4.227 1.819 5.638 4.529 0.231 5.837 0.455 3.175 0.983 5.133 1.755 0.964 2.743 5.821 3.425 4.467 2.808 0.076 1.693 4.952 4.367 1.060 5.780 3.551 0.966 5.674 0.232 0.191 0.794 3.472 3.925 3.658 2.221 5.696 0.052 3.584 2.958 5.100 3.410 4.772 3.773 5.260 1.992 0.068 4.017 3.146 5.281 1.979 0.162 1.133 1.694 5.421 2.235 2.080 0.407 4.349 4.364 
