0.000
5.000
2.517 2.555 1.845 0.643 2.292 1.932 3.623 2.348 4.870 2.973 3.572 4.156 0.180 4.242 5.915 3.989 2.154 2.614 1.137 1.083 2.721 5.496 0.259 4.487 2.703 0.781 1.846 2.044 4.400 5.701 2.392 3.592 0.397 5.285 4.177 4.238 5.707 3.271 2.024 3.083 1.985 0.742 3.703 3.745 1.040 2.757 5.926 1.420 0.330 2.568 1.094 3.081 3.515 2.864 1.018 0.677 2.455 5.712 2.916 1.926 3.333 5.547 5.949 5.430 0.749 4.697 1.490 2.464 3.800 4.494 3.169 0.779 5.210 4.996 5.543 2.265 4.622 2.808 0.966 0.195 4.072 1.342 2.892 3.131 1.596 3.184 2.485 3.350 - 1.975 1.910 5.842 1.310 5.386 2.203 5.636 0.173 - 0.010 4.232 
4.529 0.205 5.856 4.894 5.518 2.989 3.600 5.318 3.495 1.153 2.547 1.802 3.323 1.388 2.635 3.412 3.605 2.587 2.541 1.515 5.308 2.748 3.491 5.158 4.551 4.036 1.046 5.341 2.861 5.702 2.391 1.438 2.228 4.682 3.612 0.835 5.750 0.664 0.923 2.578 1.577 4.396 5.662 1.490 2.193 2.886 3.166 0.838 4.859 0.967 2.425 1.151 0.258 5.463 4.560 0.304 3.039 3.912 1.817 3.376 2.031 2.403 2.822 2.162 5.469 2.712 2.337 5.507 3.477 5.377 2.705 2.867 0.537 2.858 1.523 4.675 0.428 3.273 5.920 4.180 5.476 4.562 0.034 4.498 0.623 1.164 3.009 5.576 4.993 4.515 3.898 2.697 1.236 0.811 3.487 5.014 5.926 0.539 4.991 1.388 
2.317 4.049 - 4.573 4.519 5.302 5.280 2.064 0.051 0.150 2.825 0.913 4.476 2.033 4.527 5.405 1.453 3.767 1.826 3.357 4.136 2.092 0.481 0.729 2.847 - 5.056 5.246 5.887 4.030 2.074 2.297 1.875 5.784 - 5.750 2.465 0.989 0.085 5.190 1.657 1.644 1.223 5.355 2.258 5.696 0.028 1.256 5.322 2.573 2.787 3.632 0.577 4.073 3.904 1.983 0.998 1.073 4.272 4.438 2.774 3.513 0.558 5.212 4.895 4.507 0.607 5.259 2.574 1.377 1.888 0.145 3.592 2.637 1.478 2.855 0.471 0.767 1.641 4.553 4.156 3.769 0.542 0.895 4.587 4.121 5.044 - 0.184 1.824 3.909 0.759 5.822 0.707 3.008 3.419 5.421 2.129 1.379 0.190 
1.239 5.439 1.972 0.748 - - 2.974 0.221 3.594 2.488 0.309 0.799 0.356 5.289 4.929 - 3.309 4.317 4.103 2.064 5.200 4.048 4.682 0.947 4.918 5.295 1.787 3.361 5.827 1.161 1.875 2.994 2.351 0.292 1.909 3.352 4.097 3.683 0.571 - 4.982 3.806 3.140 0.163 1.463 5.236 4.695 3.256 3.015 0.292 0.893 2.259 5.502 5.539 1.490 4.164 0.045 3.193 1.214 1.926 2.322 3.680 3.405 2.874 2.085 5.656 2.153 2.238 3.906 3.899 4.354 1.051 3.855 3.425 0.270 3.885 4.935 2.102 1.771 3.019 2.659 1.920 3.466 3.701 3.157 0.852 3.388 2.204 5.632 4.961 2.821 4.295 4.851 0.100 5.174 0.658 3.683 2.166 1.614 5.617 
3.491 3.206 4.858 0.796 0.619 2.965 1.812 3.864 2.913 4.963 2.528 - 2.656 4.799 - 2.292 0.744 4.906 - 0.449 3.101 2.305 5.496 4.941 5.573 - 4.008 2.139 1.898 3.228 3.131 - 4.332 4.602 2.602 0.838 1.450 2.510 3.330 5.328 4.457 1.718 1.535 1.009 0.188 2.354 1.507 4.177 1.668 5.978 5.335 0.349 1.799 2.877 3.842 5.124 4.334 2.270 5.807 4.576 0.853 5.286 0.306 1.620 0.925 0.264 1.697 3.355 3.081 5.010 0.440 1.489 4.550 5.148 1.482 1.423 2.041 1.716 1.494 5.520 4.056 0.522 2.651 2.462 3.406 0.632 0.070 1.389 0.699 5.643 2.344 0.783 3.631 5.115 3.848 1.739 4.866 0.672 5.719 1.371 
5.907 0.337 2.437 1.905 0.751 0.684 3.141 0.263 0.929 3.358 - 3.172 4.600 4.703 5.309 3.366 0.442 5.124 2.720 1.631 4.178 3.098 1.831 1.985 0.676 4.374 1.775 3.363 4.504 2.904 0.994 0.930 3.435 4.571 3.009 5.127 1.855 5.706 2.286 2.926 0.526 5.754 5.085 1.663 5.521 3.266 3.284 1.041 2.479 0.645 4.219 1.662 0.594 1.742 0.548 0.563 5.942 1.551 5.099 - 1.918 2.784 4.484 3.519 5.590 0.117 0.081 4.098 2.818 3.337 5.699 4.506 1.944 3.488 1.936 2.037 1.714 5.428 5.817 0.023 5.952 3.940 0.869 5.020 3.258 4.769 5.261 2.975 0.695 4.518 0.055 2.956 0.088 0.458 3.984 1.532 2.102 2.755 3.443 0.873 
1.026 2.021 4.011 5.064 3.688 1.475 0.108 1.264 1.060 4.531 5.501 0.584 3.081 0.703 4.624 1.698 1.514 - 1.552 1.343 3.921 - 1.631 - 0.621 1.723 2.155 2.638 3.168 3.518 - 1.196 3.803 3.610 4.361 3.463 3.680 4.638 2.718 3.736 3.431 2.624 1.579 2.475 2.860 0.826 2.894 4.537 5.212 5.503 3.325 4.416 5.560 5.925 1.275 0.142 4.354 2.534 3.488 0.734 4.189 5.675 4.128 3.377 2.212 2.771 4.651 3.646 2.443 4.196 0.579 1.192 5.587 1.436 3.539 4.387 4.585 1.389 5.606 4.373 0.353 1.847 0.135 3.886 1.717 3.363 4.792 5.117 0.597 5.754 4.529 1.605 5.958 1.526 0.656 1.957 5.948 1.453 5.048 3.800 
4.532 0.720 5.923 4.778 4.013 2.016 0.185 2.486 3.628 4.639 1.429 0.220 5.342 2.689 5.917 3.409 1.055 4.270 4.715 - 4.467 3.897 2.625 4.793 3.679 4.258 5.441 5.547 4.523 1.917 5.180 1.234 0.893 2.792 0.973 0.826 5.682 4.909 3.304 1.939 4.071 0.088 3.188 5.331 2.078 0.746 3.740 0.431 1.371 1.023 1.390 4.362 2.316 4.855 5.717 1.876 1.235 5.506 2.567 3.899 4.692 5.370 4.693 2.224 3.479 5.612 1.746 3.060 3.736 2.394 0.878 0.833 2.318 4.053 0.680 1.696 4.193 3.684 2.516 3.767 - 4.029 2.603 4.054 2.060 2.566 3.434 0.438 2.851 0.022 2.311 4.944 1.806 1.367 5.835 5.774 5.293 0.582 4.298 0.332 
3.596 0.360 1.665 1.195 5.795 0.083 0.339 2.745 0.382 2.443 4.565 2.250 1.759 4.104 3.140 2.557 4.097 4.891 0.018 5.099 1.969 1.509 0.581 3.680 2.266 2.933 3.507 3.562 5.089 2.634 5.444 0.365 2.976 1.478 0.341 5.706 - 4.796 4.327 2.845 5.985 5.667 - 1.932 1.971 2.016 2.314 0.662 0.609 5.535 1.176 4.302 3.335 1.846 1.617 5.197 4.582 3.662 0.951 3.874 3.949 5.929 2.991 3.864 - 4.175 2.021 0.271 5.504 2.405 0.220 1.987 0.418 2.959 - 1.233 3.452 1.781 5.487 5.842 1.134 2.466 0.626 5.391 0.681 5.384 - 5.848 5.248 3.963 0.097 1.010 5.779 1.007 1.178 2.419 4.761 3.610 0.899 2.936 
5.932 1.496 3.068 0.541 1.274 3.918 3.000 4.056 4.433 4.587 4.621 2.834 4.240 3.675 1.068 5.600 2.101 1.704 1.270 0.468 4.149 2.767 3.385 0.539 0.653 4.141 2.664 4.445 0.283 1.428 2.651 4.962 2.852 5.109 1.105 2.852 2.545 5.159 1.963 0.052 0.574 5.025 3.947 0.175 3.465 2.894 1.265 3.179 0.953 2.690 2.015 0.756 3.637 3.764 - 5.745 3.181 4.623 1.477 2.494 0.887 2.431 4.305 3.651 1.996 4.280 2.104 2.424 4.971 2.499 5.975 5.758 5.424 4.398 4.333 5.281 3.128 0.986 1.118 3.211 1.831 1.220 3.081 3.661 1.264 0.350 4.437 3.978 4.832 0.823 5.724 1.915 3.100 2.070 1.777 4.487 0.114 1.315 5.181 1.375 
2.446 5.727 3.739 2.118 2.533 4.036 0.282 1.289 5.102 2.669 4.963 1.100 1.090 3.315 2.331 1.020 0.875 3.385 0.137 1.787 3.366 3.993 3.307 2.428 0.911 3.728 1.747 0.402 1.856 0.975 1.756 2.333 5.007 0.938 4.136 1.966 4.080 3.965 1.931 3.091 3.527 5.049 2.978 2.217 1.793 4.689 5.117 4.783 4.278 2.454 5.046 5.571 5.812 0.771 1.360 0.895 5.517 1.501 2.330 0.885 5.379 5.896 5.372 4.967 - 3.491 0.076 4.251 0.494 1.351 1.948 5.219 4.676 1.934 3.769 3.571 5.145 1.593 3.675 3.637 4.448 0.440 3.652 1.148 4.866 5.930 5.257 3.509 5.259 5.108 2.803 4.049 3.555 5.960 4.247 2.912 1.110 2.785 4.348 5.460 
1.495 5.135 2.443 4.050 0.849 1.798 3.882 4.173 4.119 4.532 5.129 3.307 4.434 1.809 3.179 3.156 1.306 3.802 1.046 3.840 1.715 3.393 3.072 1.388 4.736 0.176 - 5.206 1.049 5.413 5.616 0.673 0.944 5.522 5.473 1.829 5.204 3.207 1.600 1.910 0.429 4.835 1.023 1.162 1.980 2.067 4.200 4.016 3.798 5.134 1.918 5.286 0.832 0.415 3.325 5.543 0.763 4.231 3.285 3.315 1.069 3.921 1.086 - 5.297 4.382 1.799 5.470 0.660 1.304 2.326 0.116 5.739 5.301 4.303 1.189 0.226 2.067 3.630 5.332 4.175 2.544 5.438 1.143 0.249 3.888 1.744 1.187 2.873 0.730 0.970 0.530 3.071 4.934 1.849 2.661 1.104 4.623 2.983 2.499 
3.934 1.135 0.538 0.623 2.087 - 3.482 0.367 2.052 5.700 2.084 3.576 0.530 0.990 0.639 0.618 0.220 2.766 1.725 0.949 1.313 3.977 4.202 - 5.828 0.886 1.154 5.753 0.826 4.978 1.256 3.042 3.836 5.949 0.971 2.640 0.003 1.178 0.924 2.964 1.623 5.631 5.667 2.101 4.794 3.122 5.830 3.427 2.933 5.353 - 3.787 2.856 4.944 2.424 5.746 4.019 5.051 5.474 3.142 1.314 4.874 2.881 0.442 4.620 5.552 2.314 3.019 1.971 0.574 4.844 1.576 3.867 2.883 3.403 5.470 1.824 5.359 0.739 0.658 0.755 2.294 5.208 2.379 0.267 0.854 1.906 0.554 2.287 1.317 5.768 3.126 1.831 1.152 2.291 3.323 1.908 0.654 - 0.950 
1.206 3.445 3.214 3.857 0.168 4.033 5.140 4.503 1.045 0.744 0.216 5.252 1.292 4.712 2.903 1.431 1.633 0.492 0.763 2.813 4.668 - 4.025 2.145 4.095 2.313 0.165 5.725 4.142 1.058 3.688 5.257 1.851 3.330 5.829 2.797 0.382 0.555 4.868 2.125 1.402 3.807 1.145 0.305 5.027 0.321 5.712 2.616 2.592 3.473 5.835 2.329 2.755 0.099 0.278 2.097 3.140 1.027 2.446 1.922 5.851 2.597 0.075 3.765 3.739 4.820 4.164 5.014 1.302 3.597 1.326 1.952 3.548 4.195 0.638 2.393 6.000 2.781 - 1.501 1.362 2.494 5.981 4.634 3.085 2.027 1.278 5.849 1.274 4.201 - 4.358 2.001 - 4.652 3.919 5.133 0.242 2.309 1.667 
2.904 2.550 2.137 0.801 5.360 2.555 1.855 1.095 3.389 3.339 0.237 1.020 4.361 5.267 1.300 1.500 2.482 3.181 4.524 1.658 - 3.359 5.997 0.807 2.336 3.985 0.502 5.959 2.847 4.290 5.448 2.635 4.847 1.386 0.504 3.654 2.706 1.205 0.687 5.853 3.634 4.684 1.457 2.477 - 2.602 4.168 3.130 0.104 0.087 2.908 5.824 0.542 0.943 3.393 4.717 3.590 0.432 5.175 0.615 5.413 3.157 3.923 5.275 1.070 2.066 4.988 2.900 2.497 1.446 4.867 5.028 3.441 1.068 1.483 0.278 3.687 4.338 1.480 0.080 0.852 0.490 2.931 3.673 5.991 3.415 2.981 2.170 3.083 1.796 2.053 2.530 0.272 4.632 1.212 5.689 0.469 5.183 3.296 2.976 
1.259 0.346 2.955 0.937 0.012 2.909 0.303 4.576 4.670 1.536 5.639 0.383 0.279 3.317 1.997 4.996 5.492 4.832 4.021 2.527 3.467 1.666 3.050 4.777 5.164 3.005 - 4.535 1.903 5.704 2.316 0.279 3.854 3.303 4.864 5.936 5.392 2.554 2.669 1.604 0.912 4.951 1.421 4.361 3.852 1.732 0.575 2.400 3.203 - 5.235 2.825 3.802 1.461 3.693 3.452 1.139 4.424 5.576 3.899 0.262 5.520 2.955 3.158 5.710 0.276 5.506 3.647 5.112 3.377 - 1.520 1.310 4.347 4.370 5.700 2.468 1.831 2.650 5.761 0.680 2.378 5.641 5.323 3.135 5.932 5.618 3.189 5.755 2.473 2.797 2.850 5.682 4.390 3.109 0.420 3.730 5.329 5.421 5.353 
3.153 5.395 1.181 0.912 2.302 4.999 5.789 3.621 2.336 0.952 2.901 5.350 4.393 2.041 3.984 4.306 5.897 4.613 - 0.807 2.819 2.461 1.389 2.080 2.748 5.220 0.118 1.010 - 2.148 4.236 4.357 0.310 1.653 3.725 5.619 1.362 0.310 3.578 - 1.279 2.521 1.032 3.505 1.442 3.211 5.875 4.235 2.741 1.241 3.745 0.331 2.840 0.339 2.215 3.253 2.945 3.492 4.717 5.310 3.954 5.768 2.072 0.207 2.524 5.535 3.564 - 0.719 0.939 1.067 1.634 0.491 3.397 2.788 1.462 4.190 0.614 5.630 1.772 4.799 0.404 5.096 1.811 4.404 3.240 5.010 5.272 0.769 0.064 2.080 - 1.587 2.466 4.563 5.295 2.209 2.775 5.960 4.683 
3.553 5.286 5.199 5.943 3.664 2.823 4.459 4.018 1.143 5.645 - 2.645 0.908 2.318 3.359 2.324 0.456 5.143 4.746 4.835 5.068 5.082 2.743 4.398 - 3.762 1.829 0.246 1.909 2.987 0.521 3.590 4.725 0.238 1.788 5.696 2.802 3.653 4.037 3.579 3.386 3.935 2.660 1.457 0.950 5.537 2.457 1.720 2.620 1.279 2.013 2.722 0.330 1.325 - 4.180 4.580 5.153 5.138 2.392 4.769 3.779 4.183 2.827 4.611 5.092 1.643 0.952 0.096 5.633 1.320 1.388 1.875 3.662 5.978 4.652 5.786 2.667 3.838 5.853 0.505 1.884 0.955 0.758 4.047 0.572 2.967 3.623 4.968 2.069 2.821 4.098 5.749 5.725 0.644 5.392 2.811 1.937 5.925 0.652 
3.378 4.555 5.433 0.880 3.160 4.222 0.065 1.350 0.732 2.979 3.390 1.949 4.164 3.893 2.414 4.773 4.949 4.257 5.584 3.509 5.648 4.286 3.443 0.107 5.497 5.874 4.380 5.985 5.052 1.252 0.752 5.621 1.391 1.752 2.889 1.205 0.803 5.697 0.537 1.329 0.196 3.687 1.405 4.380 5.730 3.229 2.399 4.478 5.389 0.784 5.092 0.389 3.330 5.883 2.830 5.855 1.935 4.922 4.638 5.283 4.500 5.725 2.863 1.599 5.449 1.816 3.142 1.450 3.845 1.638 0.875 2.698 1.808 0.738 1.967 4.365 2.188 2.101 1.042 1.852 1.584 5.432 3.792 4.350 5.390 4.269 3.439 4.868 3.165 0.294 2.628 2.292 1.112 5.138 3.265 1.291 1.924 5.367 4.009 5.718 
0.129 4.206 2.430 - 3.203 0.137 3.193 0.240 3.872 4.401 - 1.259 4.151 0.185 2.437 0.653 3.505 5.034 3.811 0.664 2.119 1.531 3.118 1.515 2.296 3.015 5.453 4.503 0.373 5.151 4.728 4.653 0.880 2.766 0.351 3.255 0.423 5.910 1.491 0.372 4.930 5.586 1.689 2.105 4.552 4.005 1.719 3.022 5.556 2.598 1.086 4.780 0.040 1.288 2.553 5.429 0.248 4.770 5.468 - 2.640 1.729 2.514 5.321 3.650 0.996 2.784 3.991 4.365 0.742 3.799 0.353 4.990 0.730 4.238 3.717 2.130 3.627 5.747 5.855 4.454 1.176 0.219 1.548 3.314 0.875 4.406 0.918 4.324 2.508 4.617 5.883 1.789 3.558 2.632 3.937 0.164 4.130 3.685 0.299 
0.886 0.459 5.155 3.027 2.004 0.972 4.503 3.835 5.973 2.215 0.755 0.992 4.427 2.086 1.324 3.137 1.683 2.739 4.839 3.782 4.743 1.761 1.853 3.395 3.534 2.290 3.281 2.411 2.067 0.374 0.140 2.826 5.865 0.850 2.339 3.240 0.143 5.906 1.853 4.345 0.793 3.409 2.639 2.943 4.197 2.811 4.125 4.582 2.360 5.229 0.996 5.853 2.704 2.927 3.373 5.284 1.180 4.074 4.211 0.581 1.116 1.151 1.011 3.744 4.384 3.906 4.555 0.272 2.106 2.148 2.493 4.339 5.178 0.035 0.111 0.347 2.383 - 0.616 4.832 3.808 3.209 0.637 3.120 5.641 4.757 1.505 2.516 5.249 5.651 3.160 2.149 4.679 2.493 3.221 0.856 4.403 3.521 0.952 0.682 
0.408 4.717 1.138 5.801 1.090 2.073 1.792 5.022 5.927 5.805 4.943 3.099 3.260 1.536 0.268 3.229 3.890 3.447 2.534 3.353 2.004 4.095 3.720 5.598 2.024 5.311 1.182 2.943 4.070 5.109 0.549 4.626 4.815 2.195 4.104 3.185 0.066 3.229 1.887 3.281 0.332 2.501 3.692 3.719 5.078 3.162 5.529 1.241 1.188 3.499 1.895 1.764 2.444 3.103 3.477 5.798 1.547 0.023 2.573 3.744 4.358 5.208 5.663 5.701 1.621 0.684 0.097 3.276 0.487 4.967 5.892 3.662 0.577 5.251 2.032 1.011 5.280 0.856 3.579 0.776 4.288 0.287 5.181 5.314 2.148 1.123 4.316 1.590 5.863 1.676 - 2.287 4.187 0.086 1.832 2.075 - 0.156 4.397 5.118 
2.225 0.705 3.466 - 0.251 1.798 4.456 4.269 2.548 5.003 4.235 3.645 5.371 4.385 0.428 2.088 5.167 5.567 4.220 5.844 5.693 5.364 2.235 4.026 5.793 4.698 5.022 1.711 4.549 5.079 0.396 2.496 0.302 4.385 2.885 0.443 5.768 0.566 2.469 3.125 1.161 4.275 2.708 5.867 4.829 - 0.176 1.991 0.444 1.856 1.869 5.052 1.303 4.145 2.972 0.699 3.680 2.276 4.002 1.847 4.546 1.437 3.920 3.328 2.276 4.735 4.321 1.146 0.161 2.288 3.253 0.831 5.763 5.874 3.626 1.176 2.207 5.893 0.473 3.923 4.593 2.103 1.598 4.620 5.654 5.747 5.369 1.013 5.743 4.273 5.500 0.882 3.064 2.888 5.813 - 2.860 1.649 1.911 5.293 
2.196 5.601 2.596 2.565 1.234 3.473 1.929 1.339 5.065 4.931 1.144 3.295 0.935 4.365 4.693 5.578 5.077 2.296 2.479 3.833 0.380 2.003 3.119 3.412 5.879 2.627 0.864 1.307 5.123 0.337 1.447 4.725 0.657 5.985 5.526 1.113 - 5.980 0.723 5.614 0.125 4.792 4.500 3.684 4.963 0.685 0.340 2.682 5.266 4.850 4.826 0.823 1.933 4.142 5.289 4.876 2.545 1.093 0.709 1.431 0.190 5.786 2.506 0.420 0.845 2.492 4.756 5.909 5.266 1.786 3.161 5.893 4.878 4.044 2.916 0.055 4.644 2.894 3.270 2.020 1.293 3.283 1.236 4.756 4.667 0.344 4.499 0.214 5.239 4.230 4.041 3.279 0.064 4.463 4.509 5.444 0.624 1.217 4.675 1.463 
5.735 2.455 4.801 2.524 5.397 3.627 4.944 5.200 2.943 3.931 3.935 5.241 0.577 0.484 2.871 1.717 1.451 2.623 4.789 2.299 - 0.876 3.443 4.870 5.359 1.012 0.168 2.092 0.848 2.636 4.000 1.588 0.688 5.565 0.770 0.626 4.699 3.370 1.350 - 1.756 0.131 5.680 3.616 2.765 3.478 1.525 3.324 2.691 4.528 1.252 5.470 1.882 3.208 2.099 4.357 1.428 1.895 1.622 1.584 2.638 3.053 0.079 5.060 1.072 5.837 1.589 3.877 4.829 0.295 1.844 2.591 2.975 5.938 2.118 1.000 1.140 5.998 1.136 3.574 1.416 5.692 0.189 4.148 2.652 0.261 0.589 4.391 3.238 2.398 4.252 2.898 3.327 3.024 3.789 3.554 1.307 0.084 0.023 5.014 
